rtA1,rtA2,rtA1a,rtA1b,rtA1c,rtA1a1,rtA1a2,rtA1b1,rtA1b2,rtA1c1,rtA1c2,rtA1a1a,rtA1a1b,rtA1a2a,rtA1a2b,rtA1b1a,rtA1b1b,rtA1c1a,rtA1c1b,rtA1c2a,rtA1c2b,rtA2a,rtA2b,rtA2a1,rtA2a2,rtA2a3,rtA2a1A,rtA2a1B,rtA2a1A1,rtA2a1A2,rtA2a1B1,rtA2a1B2,rtA2a2A,rtA2a2B,rtA2a2A1,rtA2a2A2,rtA2a2B1,rtA2a2B2,rtA2a3A,rtA2a3B,rtA2a3A1,rtA2a3A2,rtA2a3B1,rtA2a3B2,rtA2b1,rtA2b2,rtA2b1A,rtA2b1B,rtA2b2A,rtA2b2B,id,isSmoker,willpower,health,smokedPerDay,turnsSinceLastChange,givingUp,stepsSinceGiveUp,giveUpAttempts,influenceability,sociable,$SWITCH_TABLE$simconsts$Operations
2259266,2620938,1919260,248058,91948,1822852,96408,119722,128,72965,18983,1101453,721399,67342,29066,25941,0,67015,5950,15885,3098,18543,2602395,2717,10389,5437,353,2364,41,312,1425,939,7397,2992,2356,5041,2992,0,3,5434,3,0,5434,0,790494,1811901,249357,541137,1811901,0,n0,false,0.835840280181547,0.746446853383712,0,592,false,112,26,0.4980477120012749,0.4450878813640151,null
2259266,2620938,1919260,248058,91948,1822852,96408,119722,128,72965,18983,1101453,721399,67342,29066,25941,0,67015,5950,15885,3098,18543,2602395,2717,10389,5437,353,2364,41,312,1425,939,7397,2992,2356,5041,2992,0,3,5434,3,0,5434,0,790494,1811901,249357,541137,1811901,0,n1,false,0.14747070869154322,0.7542458758323816,0,24899,false,0,0,0.24486701391518495,0.219915457707192,null
2259266,2620938,1919260,248058,91948,1822852,96408,119722,128,72965,18983,1101453,721399,67342,29066,25941,0,67015,5950,15885,3098,18543,2602395,2717,10389,5437,353,2364,41,312,1425,939,7397,2992,2356,5041,2992,0,3,5434,3,0,5434,0,790494,1811901,249357,541137,1811901,0,n2,false,0.6417770220850144,0.8003528173131926,0,771,false,115,33,0.4121270694795848,0.8972759475418117,null
2259266,2620938,1919260,248058,91948,1822852,96408,119722,128,72965,18983,1101453,721399,67342,29066,25941,0,67015,5950,15885,3098,18543,2602395,2717,10389,5437,353,2364,41,312,1425,939,7397,2992,2356,5041,2992,0,3,5434,3,0,5434,0,790494,1811901,249357,541137,1811901,0,n3,false,0.007968868713273842,0.734053548110419,0,3019,false,113,26,0.5144337102074323,0.07595471670217813,null
2259266,2620938,1919260,248058,91948,1822852,96408,119722,128,72965,18983,1101453,721399,67342,29066,25941,0,67015,5950,15885,3098,18543,2602395,2717,10389,5437,353,2364,41,312,1425,939,7397,2992,2356,5041,2992,0,3,5434,3,0,5434,0,790494,1811901,249357,541137,1811901,0,n4,true,0.8855923830576963,0.7797815630082817,0,473,false,109,21,0.3302299236162659,0.840575071327416,null
2259266,2620938,1919260,248058,91948,1822852,96408,119722,128,72965,18983,1101453,721399,67342,29066,25941,0,67015,5950,15885,3098,18543,2602395,2717,10389,5437,353,2364,41,312,1425,939,7397,2992,2356,5041,2992,0,3,5434,3,0,5434,0,790494,1811901,249357,541137,1811901,0,n6,true,0.5031420773625767,0.8436641981430812,0,203,false,108,30,0.8462237315786152,0.7929599181749184,null
2259266,2620938,1919260,248058,91948,1822852,96408,119722,128,72965,18983,1101453,721399,67342,29066,25941,0,67015,5950,15885,3098,18543,2602395,2717,10389,5437,353,2364,41,312,1425,939,7397,2992,2356,5041,2992,0,3,5434,3,0,5434,0,790494,1811901,249357,541137,1811901,0,n9,true,0.4760662737335588,0.3467547303406848,0,378,false,122,46,0.6984883332339332,0.36557837127056514,null
2259266,2620938,1919260,248058,91948,1822852,96408,119722,128,72965,18983,1101453,721399,67342,29066,25941,0,67015,5950,15885,3098,18543,2602395,2717,10389,5437,353,2364,41,312,1425,939,7397,2992,2356,5041,2992,0,3,5434,3,0,5434,0,790494,1811901,249357,541137,1811901,0,n10,true,0.4386813935704276,0.6052875139547479,0,1061,false,111,23,0.6179265606682179,0.4620361204540254,null
2259266,2620938,1919260,248058,91948,1822852,96408,119722,128,72965,18983,1101453,721399,67342,29066,25941,0,67015,5950,15885,3098,18543,2602395,2717,10389,5437,353,2364,41,312,1425,939,7397,2992,2356,5041,2992,0,3,5434,3,0,5434,0,790494,1811901,249357,541137,1811901,0,n12,true,0.8846512580602511,0.46931172469547855,0,169,false,110,23,0.08411280914527236,0.5597288968719627,null
2259266,2620938,1919260,248058,91948,1822852,96408,119722,128,72965,18983,1101453,721399,67342,29066,25941,0,67015,5950,15885,3098,18543,2602395,2717,10389,5437,353,2364,41,312,1425,939,7397,2992,2356,5041,2992,0,3,5434,3,0,5434,0,790494,1811901,249357,541137,1811901,0,n13,true,0.8299441050096361,0.770227106546004,0,1575,false,112,26,0.032908705347140965,0.05722521380729462,null
2259266,2620938,1919260,248058,91948,1822852,96408,119722,128,72965,18983,1101453,721399,67342,29066,25941,0,67015,5950,15885,3098,18543,2602395,2717,10389,5437,353,2364,41,312,1425,939,7397,2992,2356,5041,2992,0,3,5434,3,0,5434,0,790494,1811901,249357,541137,1811901,0,n15,false,0.29214500171702096,0.7453848249619409,0,451,false,108,35,0.3777788934913462,0.8952486235541306,null
2259266,2620938,1919260,248058,91948,1822852,96408,119722,128,72965,18983,1101453,721399,67342,29066,25941,0,67015,5950,15885,3098,18543,2602395,2717,10389,5437,353,2364,41,312,1425,939,7397,2992,2356,5041,2992,0,3,5434,3,0,5434,0,790494,1811901,249357,541137,1811901,0,n19,true,0.5777799606309275,0.8660997797776264,0,713,false,114,31,0.025086569532347502,0.8345130043941151,null
2259266,2620938,1919260,248058,91948,1822852,96408,119722,128,72965,18983,1101453,721399,67342,29066,25941,0,67015,5950,15885,3098,18543,2602395,2717,10389,5437,353,2364,41,312,1425,939,7397,2992,2356,5041,2992,0,3,5434,3,0,5434,0,790494,1811901,249357,541137,1811901,0,n23,false,0.30812458616394534,0.6869305902518238,0,24899,false,0,0,0.7357288745401944,0.6071228680604048,null
2259266,2620938,1919260,248058,91948,1822852,96408,119722,128,72965,18983,1101453,721399,67342,29066,25941,0,67015,5950,15885,3098,18543,2602395,2717,10389,5437,353,2364,41,312,1425,939,7397,2992,2356,5041,2992,0,3,5434,3,0,5434,0,790494,1811901,249357,541137,1811901,0,n26,false,0.6664122971363626,0.7283967725978981,0,329,false,113,26,0.8628953556936059,0.5069426793701881,null
2259266,2620938,1919260,248058,91948,1822852,96408,119722,128,72965,18983,1101453,721399,67342,29066,25941,0,67015,5950,15885,3098,18543,2602395,2717,10389,5437,353,2364,41,312,1425,939,7397,2992,2356,5041,2992,0,3,5434,3,0,5434,0,790494,1811901,249357,541137,1811901,0,n29,false,0.026885509061737034,0.6845589457431854,0,24899,false,0,0,0.5402437750472555,0.7207749337085737,null
2259266,2620938,1919260,248058,91948,1822852,96408,119722,128,72965,18983,1101453,721399,67342,29066,25941,0,67015,5950,15885,3098,18543,2602395,2717,10389,5437,353,2364,41,312,1425,939,7397,2992,2356,5041,2992,0,3,5434,3,0,5434,0,790494,1811901,249357,541137,1811901,0,n35,false,0.09416343844601593,0.9640997661167149,0,24899,false,0,0,0.06949560417371914,0.36943808839464876,null
2259266,2620938,1919260,248058,91948,1822852,96408,119722,128,72965,18983,1101453,721399,67342,29066,25941,0,67015,5950,15885,3098,18543,2602395,2717,10389,5437,353,2364,41,312,1425,939,7397,2992,2356,5041,2992,0,3,5434,3,0,5434,0,790494,1811901,249357,541137,1811901,0,n36,false,0.48835646768940794,0.6715736316996999,0,540,false,110,38,0.47895824116147556,0.47494003247339733,null
2259266,2620938,1919260,248058,91948,1822852,96408,119722,128,72965,18983,1101453,721399,67342,29066,25941,0,67015,5950,15885,3098,18543,2602395,2717,10389,5437,353,2364,41,312,1425,939,7397,2992,2356,5041,2992,0,3,5434,3,0,5434,0,790494,1811901,249357,541137,1811901,0,n37,true,0.7431226819887494,0.594046994672088,0,522,false,107,19,0.22258278951592947,0.9176479534733712,null
2259266,2620938,1919260,248058,91948,1822852,96408,119722,128,72965,18983,1101453,721399,67342,29066,25941,0,67015,5950,15885,3098,18543,2602395,2717,10389,5437,353,2364,41,312,1425,939,7397,2992,2356,5041,2992,0,3,5434,3,0,5434,0,790494,1811901,249357,541137,1811901,0,n39,true,0.8911135204166891,0.8209471485134687,0,44,false,110,23,0.6282187731189162,0.8741847330930175,null
2259266,2620938,1919260,248058,91948,1822852,96408,119722,128,72965,18983,1101453,721399,67342,29066,25941,0,67015,5950,15885,3098,18543,2602395,2717,10389,5437,353,2364,41,312,1425,939,7397,2992,2356,5041,2992,0,3,5434,3,0,5434,0,790494,1811901,249357,541137,1811901,0,n45,true,0.5140745770658436,0.5217542564532285,0,721,false,107,16,0.5718414816600195,0.5195569796655163,null
2259266,2620938,1919260,248058,91948,1822852,96408,119722,128,72965,18983,1101453,721399,67342,29066,25941,0,67015,5950,15885,3098,18543,2602395,2717,10389,5437,353,2364,41,312,1425,939,7397,2992,2356,5041,2992,0,3,5434,3,0,5434,0,790494,1811901,249357,541137,1811901,0,n46,true,0.1275165423350579,0.5737464924266803,0,2185,false,118,38,0.4548321788886257,0.8787689766806486,null
2259266,2620938,1919260,248058,91948,1822852,96408,119722,128,72965,18983,1101453,721399,67342,29066,25941,0,67015,5950,15885,3098,18543,2602395,2717,10389,5437,353,2364,41,312,1425,939,7397,2992,2356,5041,2992,0,3,5434,3,0,5434,0,790494,1811901,249357,541137,1811901,0,n47,true,0.5130412007495271,0.6467698614541888,0,768,false,108,44,0.2790971915137339,0.9147152123803776,null
2259266,2620938,1919260,248058,91948,1822852,96408,119722,128,72965,18983,1101453,721399,67342,29066,25941,0,67015,5950,15885,3098,18543,2602395,2717,10389,5437,353,2364,41,312,1425,939,7397,2992,2356,5041,2992,0,3,5434,3,0,5434,0,790494,1811901,249357,541137,1811901,0,n49,false,0.23076150017297847,0.7182334817296608,0,24899,false,0,0,0.3207904885745507,0.863332926291588,null
2259266,2620938,1919260,248058,91948,1822852,96408,119722,128,72965,18983,1101453,721399,67342,29066,25941,0,67015,5950,15885,3098,18543,2602395,2717,10389,5437,353,2364,41,312,1425,939,7397,2992,2356,5041,2992,0,3,5434,3,0,5434,0,790494,1811901,249357,541137,1811901,0,n51,false,0.1443420499721373,0.9004304758613412,0,24899,false,0,0,0.6206798048686,0.9598607358584166,null
2259266,2620938,1919260,248058,91948,1822852,96408,119722,128,72965,18983,1101453,721399,67342,29066,25941,0,67015,5950,15885,3098,18543,2602395,2717,10389,5437,353,2364,41,312,1425,939,7397,2992,2356,5041,2992,0,3,5434,3,0,5434,0,790494,1811901,249357,541137,1811901,0,n52,true,0.7227740566913176,0.9219078914931441,0,1178,false,110,23,0.8720173555187944,0.708859716393244,null
2259266,2620938,1919260,248058,91948,1822852,96408,119722,128,72965,18983,1101453,721399,67342,29066,25941,0,67015,5950,15885,3098,18543,2602395,2717,10389,5437,353,2364,41,312,1425,939,7397,2992,2356,5041,2992,0,3,5434,3,0,5434,0,790494,1811901,249357,541137,1811901,0,n58,false,0.08293708312927901,0.8370395112446256,0,23745,false,101,7,0.699463614448839,0.7601824542617892,null
2259266,2620938,1919260,248058,91948,1822852,96408,119722,128,72965,18983,1101453,721399,67342,29066,25941,0,67015,5950,15885,3098,18543,2602395,2717,10389,5437,353,2364,41,312,1425,939,7397,2992,2356,5041,2992,0,3,5434,3,0,5434,0,790494,1811901,249357,541137,1811901,0,n59,true,0.3583824812597931,0.6185075822701207,0,136,false,113,29,0.5919149350998865,0.7381795607166244,null
2259266,2620938,1919260,248058,91948,1822852,96408,119722,128,72965,18983,1101453,721399,67342,29066,25941,0,67015,5950,15885,3098,18543,2602395,2717,10389,5437,353,2364,41,312,1425,939,7397,2992,2356,5041,2992,0,3,5434,3,0,5434,0,790494,1811901,249357,541137,1811901,0,n64,false,0.013185262315922658,0.8627838671146082,0,15818,false,100,20,0.2614899722221703,0.5418666380998519,null
2259266,2620938,1919260,248058,91948,1822852,96408,119722,128,72965,18983,1101453,721399,67342,29066,25941,0,67015,5950,15885,3098,18543,2602395,2717,10389,5437,353,2364,41,312,1425,939,7397,2992,2356,5041,2992,0,3,5434,3,0,5434,0,790494,1811901,249357,541137,1811901,0,n67,false,0.13609660694800063,0.7525473943077142,0,24899,false,0,0,0.021360505115272044,0.7511076302345607,null
2259266,2620938,1919260,248058,91948,1822852,96408,119722,128,72965,18983,1101453,721399,67342,29066,25941,0,67015,5950,15885,3098,18543,2602395,2717,10389,5437,353,2364,41,312,1425,939,7397,2992,2356,5041,2992,0,3,5434,3,0,5434,0,790494,1811901,249357,541137,1811901,0,n68,false,0.6870145467036672,0.6056263970466423,0,1008,false,112,24,0.8131209013927272,0.9862876073582021,null
2259266,2620938,1919260,248058,91948,1822852,96408,119722,128,72965,18983,1101453,721399,67342,29066,25941,0,67015,5950,15885,3098,18543,2602395,2717,10389,5437,353,2364,41,312,1425,939,7397,2992,2356,5041,2992,0,3,5434,3,0,5434,0,790494,1811901,249357,541137,1811901,0,n69,false,0.6923697539373743,0.7819191357609885,0,860,false,116,32,0.4257922805828066,0.6335859706586742,null
2259266,2620938,1919260,248058,91948,1822852,96408,119722,128,72965,18983,1101453,721399,67342,29066,25941,0,67015,5950,15885,3098,18543,2602395,2717,10389,5437,353,2364,41,312,1425,939,7397,2992,2356,5041,2992,0,3,5434,3,0,5434,0,790494,1811901,249357,541137,1811901,0,n71,false,0.07998275805272839,0.6019920881467663,0,24899,false,100,0,0.6485719021125951,0.8363772244808029,null
2259266,2620938,1919260,248058,91948,1822852,96408,119722,128,72965,18983,1101453,721399,67342,29066,25941,0,67015,5950,15885,3098,18543,2602395,2717,10389,5437,353,2364,41,312,1425,939,7397,2992,2356,5041,2992,0,3,5434,3,0,5434,0,790494,1811901,249357,541137,1811901,0,n72,true,0.5578292705381936,0.4016578214052143,0,853,false,115,35,0.4045720711987209,0.8469634725853292,null
2259266,2620938,1919260,248058,91948,1822852,96408,119722,128,72965,18983,1101453,721399,67342,29066,25941,0,67015,5950,15885,3098,18543,2602395,2717,10389,5437,353,2364,41,312,1425,939,7397,2992,2356,5041,2992,0,3,5434,3,0,5434,0,790494,1811901,249357,541137,1811901,0,n74,false,0.7605442316205305,0.7165103715753426,0,766,false,111,23,0.8197373010256191,0.6788876601211308,null
2259266,2620938,1919260,248058,91948,1822852,96408,119722,128,72965,18983,1101453,721399,67342,29066,25941,0,67015,5950,15885,3098,18543,2602395,2717,10389,5437,353,2364,41,312,1425,939,7397,2992,2356,5041,2992,0,3,5434,3,0,5434,0,790494,1811901,249357,541137,1811901,0,n78,true,0.12416694028595317,0.478712513319442,0,2376,false,107,16,0.2258361918839898,0.7734101928362666,null
2259266,2620938,1919260,248058,91948,1822852,96408,119722,128,72965,18983,1101453,721399,67342,29066,25941,0,67015,5950,15885,3098,18543,2602395,2717,10389,5437,353,2364,41,312,1425,939,7397,2992,2356,5041,2992,0,3,5434,3,0,5434,0,790494,1811901,249357,541137,1811901,0,n79,true,0.6714058098205812,0.6004096181639694,0,362,false,109,19,0.6880535316605382,0.665956948103032,null
2259266,2620938,1919260,248058,91948,1822852,96408,119722,128,72965,18983,1101453,721399,67342,29066,25941,0,67015,5950,15885,3098,18543,2602395,2717,10389,5437,353,2364,41,312,1425,939,7397,2992,2356,5041,2992,0,3,5434,3,0,5434,0,790494,1811901,249357,541137,1811901,0,n81,true,0.7727408522501121,0.7321933938818199,0,862,false,109,37,0.5630282546801822,0.6280536178651954,null
2259266,2620938,1919260,248058,91948,1822852,96408,119722,128,72965,18983,1101453,721399,67342,29066,25941,0,67015,5950,15885,3098,18543,2602395,2717,10389,5437,353,2364,41,312,1425,939,7397,2992,2356,5041,2992,0,3,5434,3,0,5434,0,790494,1811901,249357,541137,1811901,0,n82,false,0.9386508061383477,0.8239474237372855,0,101,false,111,23,0.6889322255465605,0.4020031721611733,null
2259266,2620938,1919260,248058,91948,1822852,96408,119722,128,72965,18983,1101453,721399,67342,29066,25941,0,67015,5950,15885,3098,18543,2602395,2717,10389,5437,353,2364,41,312,1425,939,7397,2992,2356,5041,2992,0,3,5434,3,0,5434,0,790494,1811901,249357,541137,1811901,0,n83,true,0.8075155506459473,0.8274306941219414,0,209,false,111,25,0.4908958719341064,0.868974993855191,null
2259266,2620938,1919260,248058,91948,1822852,96408,119722,128,72965,18983,1101453,721399,67342,29066,25941,0,67015,5950,15885,3098,18543,2602395,2717,10389,5437,353,2364,41,312,1425,939,7397,2992,2356,5041,2992,0,3,5434,3,0,5434,0,790494,1811901,249357,541137,1811901,0,n85,false,0.595244965305448,0.8494161868308792,0,684,false,107,16,0.6238893474039446,0.9154262457538457,null
2259266,2620938,1919260,248058,91948,1822852,96408,119722,128,72965,18983,1101453,721399,67342,29066,25941,0,67015,5950,15885,3098,18543,2602395,2717,10389,5437,353,2364,41,312,1425,939,7397,2992,2356,5041,2992,0,3,5434,3,0,5434,0,790494,1811901,249357,541137,1811901,0,n90,false,0.42932964705112386,0.7502804335674818,0,906,false,105,29,0.4070440752599414,0.5711136415716164,null
2259266,2620938,1919260,248058,91948,1822852,96408,119722,128,72965,18983,1101453,721399,67342,29066,25941,0,67015,5950,15885,3098,18543,2602395,2717,10389,5437,353,2364,41,312,1425,939,7397,2992,2356,5041,2992,0,3,5434,3,0,5434,0,790494,1811901,249357,541137,1811901,0,n93,false,0.5068453965049146,0.8819623536357968,0,718,false,114,29,0.4505259966868007,0.3229522084554141,null
2259266,2620938,1919260,248058,91948,1822852,96408,119722,128,72965,18983,1101453,721399,67342,29066,25941,0,67015,5950,15885,3098,18543,2602395,2717,10389,5437,353,2364,41,312,1425,939,7397,2992,2356,5041,2992,0,3,5434,3,0,5434,0,790494,1811901,249357,541137,1811901,0,n97,false,0.3679366783925168,0.8468264141597353,0,24899,false,0,0,0.6719920068839608,0.12407681276434118,null
2259266,2620938,1919260,248058,91948,1822852,96408,119722,128,72965,18983,1101453,721399,67342,29066,25941,0,67015,5950,15885,3098,18543,2602395,2717,10389,5437,353,2364,41,312,1425,939,7397,2992,2356,5041,2992,0,3,5434,3,0,5434,0,790494,1811901,249357,541137,1811901,0,n98,false,0.6507862215379184,0.7892489926504942,0,1156,false,111,24,0.8036535307374775,0.4898919017265134,null
2259266,2620938,1919260,248058,91948,1822852,96408,119722,128,72965,18983,1101453,721399,67342,29066,25941,0,67015,5950,15885,3098,18543,2602395,2717,10389,5437,353,2364,41,312,1425,939,7397,2992,2356,5041,2992,0,3,5434,3,0,5434,0,790494,1811901,249357,541137,1811901,0,n99,false,0.20456465955637143,0.784486263677895,0,24899,false,0,0,0.2979643236552203,0.2466145981396456,null
2259266,2620938,1919260,248058,91948,1822852,96408,119722,128,72965,18983,1101453,721399,67342,29066,25941,0,67015,5950,15885,3098,18543,2602395,2717,10389,5437,353,2364,41,312,1425,939,7397,2992,2356,5041,2992,0,3,5434,3,0,5434,0,790494,1811901,249357,541137,1811901,0,n101,true,0.5666932016514993,0.8403535645869011,0,93,false,115,32,0.5713281795027747,0.4819985926331248,null
2259266,2620938,1919260,248058,91948,1822852,96408,119722,128,72965,18983,1101453,721399,67342,29066,25941,0,67015,5950,15885,3098,18543,2602395,2717,10389,5437,353,2364,41,312,1425,939,7397,2992,2356,5041,2992,0,3,5434,3,0,5434,0,790494,1811901,249357,541137,1811901,0,n104,true,0.2036210013384656,0.5570383213103326,0,414,false,113,37,0.8082102153706929,0.7304395123141707,null
2259266,2620938,1919260,248058,91948,1822852,96408,119722,128,72965,18983,1101453,721399,67342,29066,25941,0,67015,5950,15885,3098,18543,2602395,2717,10389,5437,353,2364,41,312,1425,939,7397,2992,2356,5041,2992,0,3,5434,3,0,5434,0,790494,1811901,249357,541137,1811901,0,n106,false,0.22731563522963275,0.7207330921892959,0,24899,false,0,0,0.705003003418724,0.21054606519202523,null
2259266,2620938,1919260,248058,91948,1822852,96408,119722,128,72965,18983,1101453,721399,67342,29066,25941,0,67015,5950,15885,3098,18543,2602395,2717,10389,5437,353,2364,41,312,1425,939,7397,2992,2356,5041,2992,0,3,5434,3,0,5434,0,790494,1811901,249357,541137,1811901,0,n108,false,0.8617865826038741,0.6064492377102099,0,375,false,109,24,0.5514673522817798,0.57545959427789,null
2259266,2620938,1919260,248058,91948,1822852,96408,119722,128,72965,18983,1101453,721399,67342,29066,25941,0,67015,5950,15885,3098,18543,2602395,2717,10389,5437,353,2364,41,312,1425,939,7397,2992,2356,5041,2992,0,3,5434,3,0,5434,0,790494,1811901,249357,541137,1811901,0,n109,true,0.9023336582481627,0.2402020479086055,0,499,false,114,31,0.6475046204579276,0.979370823659142,null
2259266,2620938,1919260,248058,91948,1822852,96408,119722,128,72965,18983,1101453,721399,67342,29066,25941,0,67015,5950,15885,3098,18543,2602395,2717,10389,5437,353,2364,41,312,1425,939,7397,2992,2356,5041,2992,0,3,5434,3,0,5434,0,790494,1811901,249357,541137,1811901,0,n110,false,0.823749785054212,0.9039722062269651,0,235,false,109,25,0.07690915151162742,0.7440791260259967,null
2259266,2620938,1919260,248058,91948,1822852,96408,119722,128,72965,18983,1101453,721399,67342,29066,25941,0,67015,5950,15885,3098,18543,2602395,2717,10389,5437,353,2364,41,312,1425,939,7397,2992,2356,5041,2992,0,3,5434,3,0,5434,0,790494,1811901,249357,541137,1811901,0,n112,false,0.09601341002844295,0.40834798267359884,0,944,false,114,29,0.395647616894663,0.5891533792028143,null
2259266,2620938,1919260,248058,91948,1822852,96408,119722,128,72965,18983,1101453,721399,67342,29066,25941,0,67015,5950,15885,3098,18543,2602395,2717,10389,5437,353,2364,41,312,1425,939,7397,2992,2356,5041,2992,0,3,5434,3,0,5434,0,790494,1811901,249357,541137,1811901,0,n113,true,0.7932621511003849,0.691971859770808,0,1796,false,112,51,0.4929503034386753,0.6472497122110819,null
2259266,2620938,1919260,248058,91948,1822852,96408,119722,128,72965,18983,1101453,721399,67342,29066,25941,0,67015,5950,15885,3098,18543,2602395,2717,10389,5437,353,2364,41,312,1425,939,7397,2992,2356,5041,2992,0,3,5434,3,0,5434,0,790494,1811901,249357,541137,1811901,0,n114,false,0.23750760589764344,0.5933455374211352,0,47,false,111,39,0.5688326549002459,0.2756575275402212,null
2259266,2620938,1919260,248058,91948,1822852,96408,119722,128,72965,18983,1101453,721399,67342,29066,25941,0,67015,5950,15885,3098,18543,2602395,2717,10389,5437,353,2364,41,312,1425,939,7397,2992,2356,5041,2992,0,3,5434,3,0,5434,0,790494,1811901,249357,541137,1811901,0,n115,true,0.5375970663090753,0.3888643439595747,0,2128,false,108,17,0.8846642058732026,0.5237067581714819,null
2259266,2620938,1919260,248058,91948,1822852,96408,119722,128,72965,18983,1101453,721399,67342,29066,25941,0,67015,5950,15885,3098,18543,2602395,2717,10389,5437,353,2364,41,312,1425,939,7397,2992,2356,5041,2992,0,3,5434,3,0,5434,0,790494,1811901,249357,541137,1811901,0,n117,true,0.6216973004475006,0.7167310756316366,0,3379,false,106,33,0.863532584356759,0.768552444625526,null
2259266,2620938,1919260,248058,91948,1822852,96408,119722,128,72965,18983,1101453,721399,67342,29066,25941,0,67015,5950,15885,3098,18543,2602395,2717,10389,5437,353,2364,41,312,1425,939,7397,2992,2356,5041,2992,0,3,5434,3,0,5434,0,790494,1811901,249357,541137,1811901,0,n121,true,0.9416570398030454,0.6036293520550661,0,1674,false,115,34,0.1497983521568953,0.7592657863730822,null
2259266,2620938,1919260,248058,91948,1822852,96408,119722,128,72965,18983,1101453,721399,67342,29066,25941,0,67015,5950,15885,3098,18543,2602395,2717,10389,5437,353,2364,41,312,1425,939,7397,2992,2356,5041,2992,0,3,5434,3,0,5434,0,790494,1811901,249357,541137,1811901,0,n124,true,0.24785664609752572,0.6338508720290849,0,829,false,100,54,0.39767122810870925,0.9101305824456051,null
2259266,2620938,1919260,248058,91948,1822852,96408,119722,128,72965,18983,1101453,721399,67342,29066,25941,0,67015,5950,15885,3098,18543,2602395,2717,10389,5437,353,2364,41,312,1425,939,7397,2992,2356,5041,2992,0,3,5434,3,0,5434,0,790494,1811901,249357,541137,1811901,0,n127,false,0.28275966878808423,0.9334767532152317,0,24899,false,0,0,0.598427768080452,0.8086141808077997,null
2259266,2620938,1919260,248058,91948,1822852,96408,119722,128,72965,18983,1101453,721399,67342,29066,25941,0,67015,5950,15885,3098,18543,2602395,2717,10389,5437,353,2364,41,312,1425,939,7397,2992,2356,5041,2992,0,3,5434,3,0,5434,0,790494,1811901,249357,541137,1811901,0,n130,true,0.999987317754894,0.7382616363824968,0,1636,false,110,23,0.7959584898293577,0.5458505287557109,null
2259266,2620938,1919260,248058,91948,1822852,96408,119722,128,72965,18983,1101453,721399,67342,29066,25941,0,67015,5950,15885,3098,18543,2602395,2717,10389,5437,353,2364,41,312,1425,939,7397,2992,2356,5041,2992,0,3,5434,3,0,5434,0,790494,1811901,249357,541137,1811901,0,n136,true,0.1278560662382074,0.5939075681502801,0,1388,false,104,27,0.3344253746917968,0.4609477386316378,null
2259266,2620938,1919260,248058,91948,1822852,96408,119722,128,72965,18983,1101453,721399,67342,29066,25941,0,67015,5950,15885,3098,18543,2602395,2717,10389,5437,353,2364,41,312,1425,939,7397,2992,2356,5041,2992,0,3,5434,3,0,5434,0,790494,1811901,249357,541137,1811901,0,n137,false,0.7666534678480719,0.7246796747413721,0,1007,false,113,26,0.7787183713553759,0.7778141439083079,null
2259266,2620938,1919260,248058,91948,1822852,96408,119722,128,72965,18983,1101453,721399,67342,29066,25941,0,67015,5950,15885,3098,18543,2602395,2717,10389,5437,353,2364,41,312,1425,939,7397,2992,2356,5041,2992,0,3,5434,3,0,5434,0,790494,1811901,249357,541137,1811901,0,n139,true,0.8241816531872687,0.7335778942691583,0,2626,false,109,19,0.5661933212431788,0.8512187503031523,null
2259266,2620938,1919260,248058,91948,1822852,96408,119722,128,72965,18983,1101453,721399,67342,29066,25941,0,67015,5950,15885,3098,18543,2602395,2717,10389,5437,353,2364,41,312,1425,939,7397,2992,2356,5041,2992,0,3,5434,3,0,5434,0,790494,1811901,249357,541137,1811901,0,n141,false,0.391496166297702,0.6781016754125846,0,136,false,103,37,0.43196456512351344,0.8608105690972766,null
2259266,2620938,1919260,248058,91948,1822852,96408,119722,128,72965,18983,1101453,721399,67342,29066,25941,0,67015,5950,15885,3098,18543,2602395,2717,10389,5437,353,2364,41,312,1425,939,7397,2992,2356,5041,2992,0,3,5434,3,0,5434,0,790494,1811901,249357,541137,1811901,0,n148,false,0.5252775483041158,0.6152142051220261,0,1564,false,110,20,0.9651445960508905,0.6299370951628419,null
2259266,2620938,1919260,248058,91948,1822852,96408,119722,128,72965,18983,1101453,721399,67342,29066,25941,0,67015,5950,15885,3098,18543,2602395,2717,10389,5437,353,2364,41,312,1425,939,7397,2992,2356,5041,2992,0,3,5434,3,0,5434,0,790494,1811901,249357,541137,1811901,0,n150,false,0.15356427264270844,0.7131649234345382,0,24899,false,0,0,0.9404931917302273,0.7035212465165157,null
2259266,2620938,1919260,248058,91948,1822852,96408,119722,128,72965,18983,1101453,721399,67342,29066,25941,0,67015,5950,15885,3098,18543,2602395,2717,10389,5437,353,2364,41,312,1425,939,7397,2992,2356,5041,2992,0,3,5434,3,0,5434,0,790494,1811901,249357,541137,1811901,0,n151,false,0.3381522819936373,0.868087879135263,0,24899,false,0,0,0.7909549863827744,0.4226321701482397,null
2259266,2620938,1919260,248058,91948,1822852,96408,119722,128,72965,18983,1101453,721399,67342,29066,25941,0,67015,5950,15885,3098,18543,2602395,2717,10389,5437,353,2364,41,312,1425,939,7397,2992,2356,5041,2992,0,3,5434,3,0,5434,0,790494,1811901,249357,541137,1811901,0,n153,true,0.46614399070220547,0.6336238190059695,0,4678,false,116,34,0.025628627299344453,0.42343227646712445,null
2259266,2620938,1919260,248058,91948,1822852,96408,119722,128,72965,18983,1101453,721399,67342,29066,25941,0,67015,5950,15885,3098,18543,2602395,2717,10389,5437,353,2364,41,312,1425,939,7397,2992,2356,5041,2992,0,3,5434,3,0,5434,0,790494,1811901,249357,541137,1811901,0,n154,false,0.01873682896574136,0.9706319061825381,0,24899,false,0,0,0.7166176687815751,0.9811283071950951,null
2259266,2620938,1919260,248058,91948,1822852,96408,119722,128,72965,18983,1101453,721399,67342,29066,25941,0,67015,5950,15885,3098,18543,2602395,2717,10389,5437,353,2364,41,312,1425,939,7397,2992,2356,5041,2992,0,3,5434,3,0,5434,0,790494,1811901,249357,541137,1811901,0,n157,true,0.49266974266773567,0.595932966176092,0,353,false,112,26,0.7033557246743999,0.7510697078820116,null
2259266,2620938,1919260,248058,91948,1822852,96408,119722,128,72965,18983,1101453,721399,67342,29066,25941,0,67015,5950,15885,3098,18543,2602395,2717,10389,5437,353,2364,41,312,1425,939,7397,2992,2356,5041,2992,0,3,5434,3,0,5434,0,790494,1811901,249357,541137,1811901,0,n158,false,0.464160418622925,0.7645508254541954,0,4200,false,111,24,0.7162644704045361,0.8835703650000867,null
2259266,2620938,1919260,248058,91948,1822852,96408,119722,128,72965,18983,1101453,721399,67342,29066,25941,0,67015,5950,15885,3098,18543,2602395,2717,10389,5437,353,2364,41,312,1425,939,7397,2992,2356,5041,2992,0,3,5434,3,0,5434,0,790494,1811901,249357,541137,1811901,0,n161,true,0.5943840640126409,0.47226567897086125,0,2559,false,112,25,0.1316710752103265,0.9050095587403939,null
2259266,2620938,1919260,248058,91948,1822852,96408,119722,128,72965,18983,1101453,721399,67342,29066,25941,0,67015,5950,15885,3098,18543,2602395,2717,10389,5437,353,2364,41,312,1425,939,7397,2992,2356,5041,2992,0,3,5434,3,0,5434,0,790494,1811901,249357,541137,1811901,0,n163,false,0.10585921167407457,0.7489135928971173,0,21831,false,100,3,0.2140690776486167,0.15869644037489644,null
2259266,2620938,1919260,248058,91948,1822852,96408,119722,128,72965,18983,1101453,721399,67342,29066,25941,0,67015,5950,15885,3098,18543,2602395,2717,10389,5437,353,2364,41,312,1425,939,7397,2992,2356,5041,2992,0,3,5434,3,0,5434,0,790494,1811901,249357,541137,1811901,0,n167,false,0.2256001199483866,0.7375754386740828,0,16643,false,100,15,0.6192302946389512,0.6238976391553575,null
2259266,2620938,1919260,248058,91948,1822852,96408,119722,128,72965,18983,1101453,721399,67342,29066,25941,0,67015,5950,15885,3098,18543,2602395,2717,10389,5437,353,2364,41,312,1425,939,7397,2992,2356,5041,2992,0,3,5434,3,0,5434,0,790494,1811901,249357,541137,1811901,0,n168,false,0.9929228360707028,0.6088493408210847,0,7,false,113,28,0.46741760078626593,0.5194599134568705,null
2259266,2620938,1919260,248058,91948,1822852,96408,119722,128,72965,18983,1101453,721399,67342,29066,25941,0,67015,5950,15885,3098,18543,2602395,2717,10389,5437,353,2364,41,312,1425,939,7397,2992,2356,5041,2992,0,3,5434,3,0,5434,0,790494,1811901,249357,541137,1811901,0,n170,true,0.5299657459751258,0.7177189936837826,0,849,false,111,26,0.8126986984193354,0.9111360767679508,null
2259266,2620938,1919260,248058,91948,1822852,96408,119722,128,72965,18983,1101453,721399,67342,29066,25941,0,67015,5950,15885,3098,18543,2602395,2717,10389,5437,353,2364,41,312,1425,939,7397,2992,2356,5041,2992,0,3,5434,3,0,5434,0,790494,1811901,249357,541137,1811901,0,n172,true,0.9999995276627537,0.9315584112436645,0,10,false,118,39,0.261493446183713,0.8071011366034051,null
2259266,2620938,1919260,248058,91948,1822852,96408,119722,128,72965,18983,1101453,721399,67342,29066,25941,0,67015,5950,15885,3098,18543,2602395,2717,10389,5437,353,2364,41,312,1425,939,7397,2992,2356,5041,2992,0,3,5434,3,0,5434,0,790494,1811901,249357,541137,1811901,0,n174,true,0.14455461485993015,0.5573829530321894,0,1653,false,119,39,0.4349774000994868,0.7954005562218402,null
2259266,2620938,1919260,248058,91948,1822852,96408,119722,128,72965,18983,1101453,721399,67342,29066,25941,0,67015,5950,15885,3098,18543,2602395,2717,10389,5437,353,2364,41,312,1425,939,7397,2992,2356,5041,2992,0,3,5434,3,0,5434,0,790494,1811901,249357,541137,1811901,0,n176,true,0.7789179023475058,0.7503582318946748,0,613,false,110,25,0.9957121331025487,0.8117237950892882,null
2259266,2620938,1919260,248058,91948,1822852,96408,119722,128,72965,18983,1101453,721399,67342,29066,25941,0,67015,5950,15885,3098,18543,2602395,2717,10389,5437,353,2364,41,312,1425,939,7397,2992,2356,5041,2992,0,3,5434,3,0,5434,0,790494,1811901,249357,541137,1811901,0,n178,false,0.7367337997115575,0.540409132455768,0,558,false,110,24,0.6344599719639775,0.9109360853305051,null
2259266,2620938,1919260,248058,91948,1822852,96408,119722,128,72965,18983,1101453,721399,67342,29066,25941,0,67015,5950,15885,3098,18543,2602395,2717,10389,5437,353,2364,41,312,1425,939,7397,2992,2356,5041,2992,0,3,5434,3,0,5434,0,790494,1811901,249357,541137,1811901,0,n183,false,0.10927054198263592,0.6997947466643422,0,24899,false,0,0,0.5753104580692182,0.2667815776694297,null
2259266,2620938,1919260,248058,91948,1822852,96408,119722,128,72965,18983,1101453,721399,67342,29066,25941,0,67015,5950,15885,3098,18543,2602395,2717,10389,5437,353,2364,41,312,1425,939,7397,2992,2356,5041,2992,0,3,5434,3,0,5434,0,790494,1811901,249357,541137,1811901,0,n186,false,0.18504638082509867,0.801810552382351,0,24899,false,0,0,0.6914646955048919,0.8676621105005713,null
2259266,2620938,1919260,248058,91948,1822852,96408,119722,128,72965,18983,1101453,721399,67342,29066,25941,0,67015,5950,15885,3098,18543,2602395,2717,10389,5437,353,2364,41,312,1425,939,7397,2992,2356,5041,2992,0,3,5434,3,0,5434,0,790494,1811901,249357,541137,1811901,0,n187,false,0.9113232346039594,0.7299725820402092,0,104,false,110,21,0.9435075854724065,0.996479824120139,null
2259266,2620938,1919260,248058,91948,1822852,96408,119722,128,72965,18983,1101453,721399,67342,29066,25941,0,67015,5950,15885,3098,18543,2602395,2717,10389,5437,353,2364,41,312,1425,939,7397,2992,2356,5041,2992,0,3,5434,3,0,5434,0,790494,1811901,249357,541137,1811901,0,n192,false,0.08347633499720762,0.795564820313654,0,24899,false,100,1,0.4194008206841798,0.15705770993806306,null
2259266,2620938,1919260,248058,91948,1822852,96408,119722,128,72965,18983,1101453,721399,67342,29066,25941,0,67015,5950,15885,3098,18543,2602395,2717,10389,5437,353,2364,41,312,1425,939,7397,2992,2356,5041,2992,0,3,5434,3,0,5434,0,790494,1811901,249357,541137,1811901,0,n195,false,0.2888780107449621,0.6506248331743213,0,173,false,108,17,0.767920293123665,0.661759117331954,null
2259266,2620938,1919260,248058,91948,1822852,96408,119722,128,72965,18983,1101453,721399,67342,29066,25941,0,67015,5950,15885,3098,18543,2602395,2717,10389,5437,353,2364,41,312,1425,939,7397,2992,2356,5041,2992,0,3,5434,3,0,5434,0,790494,1811901,249357,541137,1811901,0,n197,true,0.2809897166293155,0.7578298016468364,0,661,false,114,30,0.2952218585253107,0.6123248704876079,null
2259266,2620938,1919260,248058,91948,1822852,96408,119722,128,72965,18983,1101453,721399,67342,29066,25941,0,67015,5950,15885,3098,18543,2602395,2717,10389,5437,353,2364,41,312,1425,939,7397,2992,2356,5041,2992,0,3,5434,3,0,5434,0,790494,1811901,249357,541137,1811901,0,n198,false,0.019297559798318032,0.4890071300038665,0,103,false,110,26,0.3478973685911496,0.7669975215468358,null
2259266,2620938,1919260,248058,91948,1822852,96408,119722,128,72965,18983,1101453,721399,67342,29066,25941,0,67015,5950,15885,3098,18543,2602395,2717,10389,5437,353,2364,41,312,1425,939,7397,2992,2356,5041,2992,0,3,5434,3,0,5434,0,790494,1811901,249357,541137,1811901,0,n200,true,0.6509017685872208,0.6023083280304857,0,57,false,110,23,0.6279930827862918,0.43390604704034935,null
2259266,2620938,1919260,248058,91948,1822852,96408,119722,128,72965,18983,1101453,721399,67342,29066,25941,0,67015,5950,15885,3098,18543,2602395,2717,10389,5437,353,2364,41,312,1425,939,7397,2992,2356,5041,2992,0,3,5434,3,0,5434,0,790494,1811901,249357,541137,1811901,0,n202,true,0.4381791319346659,0.7796295084132034,0,374,false,115,33,0.40464591648254783,0.8071594740462449,null
2259266,2620938,1919260,248058,91948,1822852,96408,119722,128,72965,18983,1101453,721399,67342,29066,25941,0,67015,5950,15885,3098,18543,2602395,2717,10389,5437,353,2364,41,312,1425,939,7397,2992,2356,5041,2992,0,3,5434,3,0,5434,0,790494,1811901,249357,541137,1811901,0,n205,true,0.5307519534500348,0.571624199551256,0,877,false,105,29,0.28516408361563944,0.5656072576613492,null
2259266,2620938,1919260,248058,91948,1822852,96408,119722,128,72965,18983,1101453,721399,67342,29066,25941,0,67015,5950,15885,3098,18543,2602395,2717,10389,5437,353,2364,41,312,1425,939,7397,2992,2356,5041,2992,0,3,5434,3,0,5434,0,790494,1811901,249357,541137,1811901,0,n207,true,0.26969280399755863,0.5943895408776785,0,1161,false,0,1,0.463160793970215,0.34576316662700657,null
2259266,2620938,1919260,248058,91948,1822852,96408,119722,128,72965,18983,1101453,721399,67342,29066,25941,0,67015,5950,15885,3098,18543,2602395,2717,10389,5437,353,2364,41,312,1425,939,7397,2992,2356,5041,2992,0,3,5434,3,0,5434,0,790494,1811901,249357,541137,1811901,0,n209,false,0.08010161576465752,0.7883799733633858,0,24899,false,0,0,0.18215657338581842,0.7979024316103456,null
2259266,2620938,1919260,248058,91948,1822852,96408,119722,128,72965,18983,1101453,721399,67342,29066,25941,0,67015,5950,15885,3098,18543,2602395,2717,10389,5437,353,2364,41,312,1425,939,7397,2992,2356,5041,2992,0,3,5434,3,0,5434,0,790494,1811901,249357,541137,1811901,0,n212,false,0.5029804870650113,0.4996179180729481,0,1959,false,112,26,0.4421610701477784,0.45666288107939224,null
2259266,2620938,1919260,248058,91948,1822852,96408,119722,128,72965,18983,1101453,721399,67342,29066,25941,0,67015,5950,15885,3098,18543,2602395,2717,10389,5437,353,2364,41,312,1425,939,7397,2992,2356,5041,2992,0,3,5434,3,0,5434,0,790494,1811901,249357,541137,1811901,0,n213,true,0.06263159930364552,0.7272096045431524,0,1273,false,33,17,0.3167115244812542,0.46801843104195817,null
2259266,2620938,1919260,248058,91948,1822852,96408,119722,128,72965,18983,1101453,721399,67342,29066,25941,0,67015,5950,15885,3098,18543,2602395,2717,10389,5437,353,2364,41,312,1425,939,7397,2992,2356,5041,2992,0,3,5434,3,0,5434,0,790494,1811901,249357,541137,1811901,0,n214,false,0.6294310953929654,0.995327637240273,0,1006,false,112,28,0.5680709202144114,0.5782064854281296,null
2259266,2620938,1919260,248058,91948,1822852,96408,119722,128,72965,18983,1101453,721399,67342,29066,25941,0,67015,5950,15885,3098,18543,2602395,2717,10389,5437,353,2364,41,312,1425,939,7397,2992,2356,5041,2992,0,3,5434,3,0,5434,0,790494,1811901,249357,541137,1811901,0,n221,true,0.5010938252592889,0.6910428824507778,0,2283,false,105,22,0.47018706790290127,0.7147341521778727,null
2259266,2620938,1919260,248058,91948,1822852,96408,119722,128,72965,18983,1101453,721399,67342,29066,25941,0,67015,5950,15885,3098,18543,2602395,2717,10389,5437,353,2364,41,312,1425,939,7397,2992,2356,5041,2992,0,3,5434,3,0,5434,0,790494,1811901,249357,541137,1811901,0,n223,true,0.9994307157548792,0.5287369548935528,0,1087,false,109,39,0.4896185430966292,0.8926495491722207,null
2259266,2620938,1919260,248058,91948,1822852,96408,119722,128,72965,18983,1101453,721399,67342,29066,25941,0,67015,5950,15885,3098,18543,2602395,2717,10389,5437,353,2364,41,312,1425,939,7397,2992,2356,5041,2992,0,3,5434,3,0,5434,0,790494,1811901,249357,541137,1811901,0,n224,false,0.6571935248110026,0.5396115717579084,0,2953,false,120,44,0.2625327684801415,0.5849121614082887,null
2259266,2620938,1919260,248058,91948,1822852,96408,119722,128,72965,18983,1101453,721399,67342,29066,25941,0,67015,5950,15885,3098,18543,2602395,2717,10389,5437,353,2364,41,312,1425,939,7397,2992,2356,5041,2992,0,3,5434,3,0,5434,0,790494,1811901,249357,541137,1811901,0,n225,true,0.3290517610407784,0.6124868021673884,0,659,false,114,31,0.22945813495872752,0.9757748446350221,null
2259266,2620938,1919260,248058,91948,1822852,96408,119722,128,72965,18983,1101453,721399,67342,29066,25941,0,67015,5950,15885,3098,18543,2602395,2717,10389,5437,353,2364,41,312,1425,939,7397,2992,2356,5041,2992,0,3,5434,3,0,5434,0,790494,1811901,249357,541137,1811901,0,n227,true,0.733055439161869,0.7896774116219453,0,1393,false,116,33,0.5890693253033549,0.627611914809818,null
2259266,2620938,1919260,248058,91948,1822852,96408,119722,128,72965,18983,1101453,721399,67342,29066,25941,0,67015,5950,15885,3098,18543,2602395,2717,10389,5437,353,2364,41,312,1425,939,7397,2992,2356,5041,2992,0,3,5434,3,0,5434,0,790494,1811901,249357,541137,1811901,0,n231,true,0.8724406129393132,0.9050642525170385,0,719,false,122,45,0.4529939738000774,0.38190564961263385,null
2259266,2620938,1919260,248058,91948,1822852,96408,119722,128,72965,18983,1101453,721399,67342,29066,25941,0,67015,5950,15885,3098,18543,2602395,2717,10389,5437,353,2364,41,312,1425,939,7397,2992,2356,5041,2992,0,3,5434,3,0,5434,0,790494,1811901,249357,541137,1811901,0,n232,true,0.6044654768773591,0.5435993214132495,0,1110,false,114,30,0.4021808997619318,0.5073988640904806,null
2259266,2620938,1919260,248058,91948,1822852,96408,119722,128,72965,18983,1101453,721399,67342,29066,25941,0,67015,5950,15885,3098,18543,2602395,2717,10389,5437,353,2364,41,312,1425,939,7397,2992,2356,5041,2992,0,3,5434,3,0,5434,0,790494,1811901,249357,541137,1811901,0,n236,false,0.4257939812525351,0.38396579246806417,0,4910,false,110,22,0.06806374590669867,0.3602979664907451,null
2259266,2620938,1919260,248058,91948,1822852,96408,119722,128,72965,18983,1101453,721399,67342,29066,25941,0,67015,5950,15885,3098,18543,2602395,2717,10389,5437,353,2364,41,312,1425,939,7397,2992,2356,5041,2992,0,3,5434,3,0,5434,0,790494,1811901,249357,541137,1811901,0,n240,true,0.937875397259599,0.8526409944401955,0,1395,false,108,18,0.36281939132043617,0.6030613056562107,null
2259266,2620938,1919260,248058,91948,1822852,96408,119722,128,72965,18983,1101453,721399,67342,29066,25941,0,67015,5950,15885,3098,18543,2602395,2717,10389,5437,353,2364,41,312,1425,939,7397,2992,2356,5041,2992,0,3,5434,3,0,5434,0,790494,1811901,249357,541137,1811901,0,n242,true,0.5959138545224988,0.6361630201016543,0,126,false,108,19,0.4769598650307638,0.2523504264099077,null
2259266,2620938,1919260,248058,91948,1822852,96408,119722,128,72965,18983,1101453,721399,67342,29066,25941,0,67015,5950,15885,3098,18543,2602395,2717,10389,5437,353,2364,41,312,1425,939,7397,2992,2356,5041,2992,0,3,5434,3,0,5434,0,790494,1811901,249357,541137,1811901,0,n244,false,0.44872160676724154,0.5962337191377807,0,790,false,104,32,0.5391706996690498,0.6957862544178423,null
2259266,2620938,1919260,248058,91948,1822852,96408,119722,128,72965,18983,1101453,721399,67342,29066,25941,0,67015,5950,15885,3098,18543,2602395,2717,10389,5437,353,2364,41,312,1425,939,7397,2992,2356,5041,2992,0,3,5434,3,0,5434,0,790494,1811901,249357,541137,1811901,0,n246,true,0.9999878777428487,0.5308132096526339,0,1355,false,111,25,0.3450737915319737,0.5408514262115841,null
2259266,2620938,1919260,248058,91948,1822852,96408,119722,128,72965,18983,1101453,721399,67342,29066,25941,0,67015,5950,15885,3098,18543,2602395,2717,10389,5437,353,2364,41,312,1425,939,7397,2992,2356,5041,2992,0,3,5434,3,0,5434,0,790494,1811901,249357,541137,1811901,0,n247,false,0.6264990037890577,0.6576163730516773,0,776,false,108,16,0.965025036416464,0.6938812195351587,null
2259266,2620938,1919260,248058,91948,1822852,96408,119722,128,72965,18983,1101453,721399,67342,29066,25941,0,67015,5950,15885,3098,18543,2602395,2717,10389,5437,353,2364,41,312,1425,939,7397,2992,2356,5041,2992,0,3,5434,3,0,5434,0,790494,1811901,249357,541137,1811901,0,n250,true,0.18373132506021328,0.6634008959898412,0,132,false,109,43,0.1587482167829723,0.3395673089837816,null
2259266,2620938,1919260,248058,91948,1822852,96408,119722,128,72965,18983,1101453,721399,67342,29066,25941,0,67015,5950,15885,3098,18543,2602395,2717,10389,5437,353,2364,41,312,1425,939,7397,2992,2356,5041,2992,0,3,5434,3,0,5434,0,790494,1811901,249357,541137,1811901,0,n254,false,0.3414614335208844,0.5794189470826695,0,500,false,113,29,0.5655834234255578,0.3783375348860447,null
2259266,2620938,1919260,248058,91948,1822852,96408,119722,128,72965,18983,1101453,721399,67342,29066,25941,0,67015,5950,15885,3098,18543,2602395,2717,10389,5437,353,2364,41,312,1425,939,7397,2992,2356,5041,2992,0,3,5434,3,0,5434,0,790494,1811901,249357,541137,1811901,0,n255,true,0.10708765102272969,0.5301155513921446,0,927,false,108,56,0.7011034624275012,0.7848850197915525,null
2259266,2620938,1919260,248058,91948,1822852,96408,119722,128,72965,18983,1101453,721399,67342,29066,25941,0,67015,5950,15885,3098,18543,2602395,2717,10389,5437,353,2364,41,312,1425,939,7397,2992,2356,5041,2992,0,3,5434,3,0,5434,0,790494,1811901,249357,541137,1811901,0,n256,true,0.04730115119811458,0.4161437474214315,0,1273,false,117,38,0.727854367258614,0.788088845537155,null
2259266,2620938,1919260,248058,91948,1822852,96408,119722,128,72965,18983,1101453,721399,67342,29066,25941,0,67015,5950,15885,3098,18543,2602395,2717,10389,5437,353,2364,41,312,1425,939,7397,2992,2356,5041,2992,0,3,5434,3,0,5434,0,790494,1811901,249357,541137,1811901,0,n261,false,0.2559133298521584,0.698104548986913,0,24899,false,100,1,0.945734526325325,0.14614461731947392,null
2259266,2620938,1919260,248058,91948,1822852,96408,119722,128,72965,18983,1101453,721399,67342,29066,25941,0,67015,5950,15885,3098,18543,2602395,2717,10389,5437,353,2364,41,312,1425,939,7397,2992,2356,5041,2992,0,3,5434,3,0,5434,0,790494,1811901,249357,541137,1811901,0,n266,true,0.7883187763046959,0.959338157481257,0,517,false,113,30,0.9045230536450523,0.6649659142847693,null
2259266,2620938,1919260,248058,91948,1822852,96408,119722,128,72965,18983,1101453,721399,67342,29066,25941,0,67015,5950,15885,3098,18543,2602395,2717,10389,5437,353,2364,41,312,1425,939,7397,2992,2356,5041,2992,0,3,5434,3,0,5434,0,790494,1811901,249357,541137,1811901,0,n267,false,0.20816217069745094,0.5922577640676502,0,722,false,105,27,0.6315056619344931,0.2858134242182867,null
2259266,2620938,1919260,248058,91948,1822852,96408,119722,128,72965,18983,1101453,721399,67342,29066,25941,0,67015,5950,15885,3098,18543,2602395,2717,10389,5437,353,2364,41,312,1425,939,7397,2992,2356,5041,2992,0,3,5434,3,0,5434,0,790494,1811901,249357,541137,1811901,0,n273,false,0.44167997392874303,0.8826869090512035,0,136,false,111,24,0.34419848249222684,0.7925193632313947,null
2259266,2620938,1919260,248058,91948,1822852,96408,119722,128,72965,18983,1101453,721399,67342,29066,25941,0,67015,5950,15885,3098,18543,2602395,2717,10389,5437,353,2364,41,312,1425,939,7397,2992,2356,5041,2992,0,3,5434,3,0,5434,0,790494,1811901,249357,541137,1811901,0,n274,true,0.5126218528384936,0.7685404778219884,0,1080,false,110,22,0.2156739952399951,0.7055876013285065,null
2259266,2620938,1919260,248058,91948,1822852,96408,119722,128,72965,18983,1101453,721399,67342,29066,25941,0,67015,5950,15885,3098,18543,2602395,2717,10389,5437,353,2364,41,312,1425,939,7397,2992,2356,5041,2992,0,3,5434,3,0,5434,0,790494,1811901,249357,541137,1811901,0,n275,true,0.5895031887668635,0.562392135157726,0,1050,false,117,43,0.13277611537062017,0.9628014497612124,null
2259266,2620938,1919260,248058,91948,1822852,96408,119722,128,72965,18983,1101453,721399,67342,29066,25941,0,67015,5950,15885,3098,18543,2602395,2717,10389,5437,353,2364,41,312,1425,939,7397,2992,2356,5041,2992,0,3,5434,3,0,5434,0,790494,1811901,249357,541137,1811901,0,n276,false,0.3825270200205131,0.8338031149395346,0,24899,false,100,1,0.7413042541696848,0.4658740743927722,null
2259266,2620938,1919260,248058,91948,1822852,96408,119722,128,72965,18983,1101453,721399,67342,29066,25941,0,67015,5950,15885,3098,18543,2602395,2717,10389,5437,353,2364,41,312,1425,939,7397,2992,2356,5041,2992,0,3,5434,3,0,5434,0,790494,1811901,249357,541137,1811901,0,n278,false,0.06773465748891577,0.48588110173202276,0,2795,false,111,26,0.4494597952686611,0.19242134630556185,null
2259266,2620938,1919260,248058,91948,1822852,96408,119722,128,72965,18983,1101453,721399,67342,29066,25941,0,67015,5950,15885,3098,18543,2602395,2717,10389,5437,353,2364,41,312,1425,939,7397,2992,2356,5041,2992,0,3,5434,3,0,5434,0,790494,1811901,249357,541137,1811901,0,n279,false,0.8955295822987747,0.7688647347118855,0,842,false,114,33,0.183842715616215,0.4102871748950908,null
2259266,2620938,1919260,248058,91948,1822852,96408,119722,128,72965,18983,1101453,721399,67342,29066,25941,0,67015,5950,15885,3098,18543,2602395,2717,10389,5437,353,2364,41,312,1425,939,7397,2992,2356,5041,2992,0,3,5434,3,0,5434,0,790494,1811901,249357,541137,1811901,0,n283,false,0.47422165195884813,0.450726580891438,0,577,false,115,31,0.780456243568221,0.7846781651017639,null
2259266,2620938,1919260,248058,91948,1822852,96408,119722,128,72965,18983,1101453,721399,67342,29066,25941,0,67015,5950,15885,3098,18543,2602395,2717,10389,5437,353,2364,41,312,1425,939,7397,2992,2356,5041,2992,0,3,5434,3,0,5434,0,790494,1811901,249357,541137,1811901,0,n287,true,0.6829700413997363,0.5331199352011853,0,1843,false,112,31,0.5588548837466345,0.6053854003899061,null
2259266,2620938,1919260,248058,91948,1822852,96408,119722,128,72965,18983,1101453,721399,67342,29066,25941,0,67015,5950,15885,3098,18543,2602395,2717,10389,5437,353,2364,41,312,1425,939,7397,2992,2356,5041,2992,0,3,5434,3,0,5434,0,790494,1811901,249357,541137,1811901,0,n289,false,0.18704924450544633,0.846114532927343,0,24899,false,0,0,0.39408663982984365,0.269046345004881,null
2259266,2620938,1919260,248058,91948,1822852,96408,119722,128,72965,18983,1101453,721399,67342,29066,25941,0,67015,5950,15885,3098,18543,2602395,2717,10389,5437,353,2364,41,312,1425,939,7397,2992,2356,5041,2992,0,3,5434,3,0,5434,0,790494,1811901,249357,541137,1811901,0,n290,true,0.2244800631893335,0.5655229474433465,0,1717,false,100,3,0.09066755739106247,0.9616216583436319,null
2259266,2620938,1919260,248058,91948,1822852,96408,119722,128,72965,18983,1101453,721399,67342,29066,25941,0,67015,5950,15885,3098,18543,2602395,2717,10389,5437,353,2364,41,312,1425,939,7397,2992,2356,5041,2992,0,3,5434,3,0,5434,0,790494,1811901,249357,541137,1811901,0,n291,false,0.07530641572923391,0.8319703408322697,0,24899,false,100,0,0.5206758150249008,0.39327544936389913,null
2259266,2620938,1919260,248058,91948,1822852,96408,119722,128,72965,18983,1101453,721399,67342,29066,25941,0,67015,5950,15885,3098,18543,2602395,2717,10389,5437,353,2364,41,312,1425,939,7397,2992,2356,5041,2992,0,3,5434,3,0,5434,0,790494,1811901,249357,541137,1811901,0,n295,true,0.9196916657100604,0.6454183031847034,0,1280,false,111,23,0.23294950864550046,0.561385513110991,null
2259266,2620938,1919260,248058,91948,1822852,96408,119722,128,72965,18983,1101453,721399,67342,29066,25941,0,67015,5950,15885,3098,18543,2602395,2717,10389,5437,353,2364,41,312,1425,939,7397,2992,2356,5041,2992,0,3,5434,3,0,5434,0,790494,1811901,249357,541137,1811901,0,n296,true,0.019536721147636472,0.5924580040128327,0,515,false,116,37,0.7820749513680019,0.5162290791393496,null
2259266,2620938,1919260,248058,91948,1822852,96408,119722,128,72965,18983,1101453,721399,67342,29066,25941,0,67015,5950,15885,3098,18543,2602395,2717,10389,5437,353,2364,41,312,1425,939,7397,2992,2356,5041,2992,0,3,5434,3,0,5434,0,790494,1811901,249357,541137,1811901,0,n297,false,0.9982523137753629,0.5298737025377699,0,1803,false,109,20,0.03676210114308193,0.8747297387271331,null
2259266,2620938,1919260,248058,91948,1822852,96408,119722,128,72965,18983,1101453,721399,67342,29066,25941,0,67015,5950,15885,3098,18543,2602395,2717,10389,5437,353,2364,41,312,1425,939,7397,2992,2356,5041,2992,0,3,5434,3,0,5434,0,790494,1811901,249357,541137,1811901,0,n298,true,0.08201909540847697,0.752014927638804,0,1014,false,108,36,0.3703565208530286,0.865860628078848,null
2259266,2620938,1919260,248058,91948,1822852,96408,119722,128,72965,18983,1101453,721399,67342,29066,25941,0,67015,5950,15885,3098,18543,2602395,2717,10389,5437,353,2364,41,312,1425,939,7397,2992,2356,5041,2992,0,3,5434,3,0,5434,0,790494,1811901,249357,541137,1811901,0,n303,false,0.9999992221946119,0.6516628179752664,0,768,false,109,19,0.4407637917839315,0.9294349803125972,null
2259266,2620938,1919260,248058,91948,1822852,96408,119722,128,72965,18983,1101453,721399,67342,29066,25941,0,67015,5950,15885,3098,18543,2602395,2717,10389,5437,353,2364,41,312,1425,939,7397,2992,2356,5041,2992,0,3,5434,3,0,5434,0,790494,1811901,249357,541137,1811901,0,n307,false,0.6318599844019566,0.3932790360621328,0,1567,false,110,32,0.739234984614906,0.6609815375068789,null
2259266,2620938,1919260,248058,91948,1822852,96408,119722,128,72965,18983,1101453,721399,67342,29066,25941,0,67015,5950,15885,3098,18543,2602395,2717,10389,5437,353,2364,41,312,1425,939,7397,2992,2356,5041,2992,0,3,5434,3,0,5434,0,790494,1811901,249357,541137,1811901,0,n311,true,0.46543520935465255,0.9133639639773894,0,155,false,108,35,0.7002130698787379,0.7397362978758772,null
2259266,2620938,1919260,248058,91948,1822852,96408,119722,128,72965,18983,1101453,721399,67342,29066,25941,0,67015,5950,15885,3098,18543,2602395,2717,10389,5437,353,2364,41,312,1425,939,7397,2992,2356,5041,2992,0,3,5434,3,0,5434,0,790494,1811901,249357,541137,1811901,0,n312,false,0.06769855376964608,0.678390923781159,0,1334,false,107,15,0.657358225520886,0.5773371047649191,null
2259266,2620938,1919260,248058,91948,1822852,96408,119722,128,72965,18983,1101453,721399,67342,29066,25941,0,67015,5950,15885,3098,18543,2602395,2717,10389,5437,353,2364,41,312,1425,939,7397,2992,2356,5041,2992,0,3,5434,3,0,5434,0,790494,1811901,249357,541137,1811901,0,n315,false,0.1503474075415422,0.9456063978248889,0,24899,false,0,0,0.12302848716406595,0.653271628349095,null
2259266,2620938,1919260,248058,91948,1822852,96408,119722,128,72965,18983,1101453,721399,67342,29066,25941,0,67015,5950,15885,3098,18543,2602395,2717,10389,5437,353,2364,41,312,1425,939,7397,2992,2356,5041,2992,0,3,5434,3,0,5434,0,790494,1811901,249357,541137,1811901,0,n319,false,0.38264792898566546,0.7083825610144212,0,24899,false,0,0,0.39115814077571165,0.8581224301094004,null
2259266,2620938,1919260,248058,91948,1822852,96408,119722,128,72965,18983,1101453,721399,67342,29066,25941,0,67015,5950,15885,3098,18543,2602395,2717,10389,5437,353,2364,41,312,1425,939,7397,2992,2356,5041,2992,0,3,5434,3,0,5434,0,790494,1811901,249357,541137,1811901,0,n322,false,0.17901953375392612,0.8990299340568311,0,18063,false,100,15,0.008806342633513653,0.7737546257680542,null
2259266,2620938,1919260,248058,91948,1822852,96408,119722,128,72965,18983,1101453,721399,67342,29066,25941,0,67015,5950,15885,3098,18543,2602395,2717,10389,5437,353,2364,41,312,1425,939,7397,2992,2356,5041,2992,0,3,5434,3,0,5434,0,790494,1811901,249357,541137,1811901,0,n323,false,0.8121409703399053,0.4909576023895596,0,594,false,111,24,0.5175647152534532,0.9612104030901678,null
2259266,2620938,1919260,248058,91948,1822852,96408,119722,128,72965,18983,1101453,721399,67342,29066,25941,0,67015,5950,15885,3098,18543,2602395,2717,10389,5437,353,2364,41,312,1425,939,7397,2992,2356,5041,2992,0,3,5434,3,0,5434,0,790494,1811901,249357,541137,1811901,0,n328,true,0.5380220215972041,0.46833253568734123,0,3019,false,112,26,0.5107648450418514,0.9873021601539053,null
2259266,2620938,1919260,248058,91948,1822852,96408,119722,128,72965,18983,1101453,721399,67342,29066,25941,0,67015,5950,15885,3098,18543,2602395,2717,10389,5437,353,2364,41,312,1425,939,7397,2992,2356,5041,2992,0,3,5434,3,0,5434,0,790494,1811901,249357,541137,1811901,0,n330,true,0.5453559641855468,0.5594476565784882,0,1407,false,111,26,0.03008456100742829,0.7393944226131263,null
2259266,2620938,1919260,248058,91948,1822852,96408,119722,128,72965,18983,1101453,721399,67342,29066,25941,0,67015,5950,15885,3098,18543,2602395,2717,10389,5437,353,2364,41,312,1425,939,7397,2992,2356,5041,2992,0,3,5434,3,0,5434,0,790494,1811901,249357,541137,1811901,0,n334,true,0.5467847221971731,0.873983048119277,0,2166,false,112,37,0.29331151023406726,0.945055689727362,null
2259266,2620938,1919260,248058,91948,1822852,96408,119722,128,72965,18983,1101453,721399,67342,29066,25941,0,67015,5950,15885,3098,18543,2602395,2717,10389,5437,353,2364,41,312,1425,939,7397,2992,2356,5041,2992,0,3,5434,3,0,5434,0,790494,1811901,249357,541137,1811901,0,n336,true,0.714355422031098,0.7519137880499579,0,843,false,113,27,0.4821586169273337,0.6774344919852218,null
2259266,2620938,1919260,248058,91948,1822852,96408,119722,128,72965,18983,1101453,721399,67342,29066,25941,0,67015,5950,15885,3098,18543,2602395,2717,10389,5437,353,2364,41,312,1425,939,7397,2992,2356,5041,2992,0,3,5434,3,0,5434,0,790494,1811901,249357,541137,1811901,0,n340,true,0.6563199109224315,0.6077895963277195,0,1792,false,105,13,0.44160629495144077,0.710502570956199,null
2259266,2620938,1919260,248058,91948,1822852,96408,119722,128,72965,18983,1101453,721399,67342,29066,25941,0,67015,5950,15885,3098,18543,2602395,2717,10389,5437,353,2364,41,312,1425,939,7397,2992,2356,5041,2992,0,3,5434,3,0,5434,0,790494,1811901,249357,541137,1811901,0,n342,true,0.7855651148123228,0.6542201326168098,0,1157,false,112,26,0.7933625137102159,0.5917813313127359,null
2259266,2620938,1919260,248058,91948,1822852,96408,119722,128,72965,18983,1101453,721399,67342,29066,25941,0,67015,5950,15885,3098,18543,2602395,2717,10389,5437,353,2364,41,312,1425,939,7397,2992,2356,5041,2992,0,3,5434,3,0,5434,0,790494,1811901,249357,541137,1811901,0,n346,true,0.8183511439844259,0.9626397696358517,0,2708,false,111,25,0.031045487605653843,0.18465385732483502,null
2259266,2620938,1919260,248058,91948,1822852,96408,119722,128,72965,18983,1101453,721399,67342,29066,25941,0,67015,5950,15885,3098,18543,2602395,2717,10389,5437,353,2364,41,312,1425,939,7397,2992,2356,5041,2992,0,3,5434,3,0,5434,0,790494,1811901,249357,541137,1811901,0,n347,false,0.14226361205165264,0.7992117418523728,0,24899,false,100,0,0.8478211961945646,0.4238704331501578,null
2259266,2620938,1919260,248058,91948,1822852,96408,119722,128,72965,18983,1101453,721399,67342,29066,25941,0,67015,5950,15885,3098,18543,2602395,2717,10389,5437,353,2364,41,312,1425,939,7397,2992,2356,5041,2992,0,3,5434,3,0,5434,0,790494,1811901,249357,541137,1811901,0,n350,true,0.45071421396044536,0.7294720222379705,0,720,false,110,22,0.5004653837328762,0.8561535380715988,null
2259266,2620938,1919260,248058,91948,1822852,96408,119722,128,72965,18983,1101453,721399,67342,29066,25941,0,67015,5950,15885,3098,18543,2602395,2717,10389,5437,353,2364,41,312,1425,939,7397,2992,2356,5041,2992,0,3,5434,3,0,5434,0,790494,1811901,249357,541137,1811901,0,n351,false,0.39013110089999636,0.904691036616672,0,24899,false,0,0,0.13536365905467113,0.967159802994153,null
2259266,2620938,1919260,248058,91948,1822852,96408,119722,128,72965,18983,1101453,721399,67342,29066,25941,0,67015,5950,15885,3098,18543,2602395,2717,10389,5437,353,2364,41,312,1425,939,7397,2992,2356,5041,2992,0,3,5434,3,0,5434,0,790494,1811901,249357,541137,1811901,0,n361,true,0.4237946101975985,0.6737966548988231,0,1428,false,112,26,0.4407533618060482,0.8800053754391355,null
2259266,2620938,1919260,248058,91948,1822852,96408,119722,128,72965,18983,1101453,721399,67342,29066,25941,0,67015,5950,15885,3098,18543,2602395,2717,10389,5437,353,2364,41,312,1425,939,7397,2992,2356,5041,2992,0,3,5434,3,0,5434,0,790494,1811901,249357,541137,1811901,0,n363,true,0.046657234469188895,0.5255898259401581,0,442,false,113,37,0.39389963484522916,0.9360260461656795,null
2259266,2620938,1919260,248058,91948,1822852,96408,119722,128,72965,18983,1101453,721399,67342,29066,25941,0,67015,5950,15885,3098,18543,2602395,2717,10389,5437,353,2364,41,312,1425,939,7397,2992,2356,5041,2992,0,3,5434,3,0,5434,0,790494,1811901,249357,541137,1811901,0,n367,true,0.5693524355607643,0.8129051166756505,0,37,false,112,27,0.04422265809902687,0.4055985167976581,null
2259266,2620938,1919260,248058,91948,1822852,96408,119722,128,72965,18983,1101453,721399,67342,29066,25941,0,67015,5950,15885,3098,18543,2602395,2717,10389,5437,353,2364,41,312,1425,939,7397,2992,2356,5041,2992,0,3,5434,3,0,5434,0,790494,1811901,249357,541137,1811901,0,n371,false,0.2667420401241305,0.8476777053972349,0,24899,false,0,0,0.5686637933203663,0.6548516707600839,null
2259266,2620938,1919260,248058,91948,1822852,96408,119722,128,72965,18983,1101453,721399,67342,29066,25941,0,67015,5950,15885,3098,18543,2602395,2717,10389,5437,353,2364,41,312,1425,939,7397,2992,2356,5041,2992,0,3,5434,3,0,5434,0,790494,1811901,249357,541137,1811901,0,n372,true,0.7892881703701488,0.7983510348524812,0,721,false,109,21,0.4755349088779074,0.8300201312969053,null
2259266,2620938,1919260,248058,91948,1822852,96408,119722,128,72965,18983,1101453,721399,67342,29066,25941,0,67015,5950,15885,3098,18543,2602395,2717,10389,5437,353,2364,41,312,1425,939,7397,2992,2356,5041,2992,0,3,5434,3,0,5434,0,790494,1811901,249357,541137,1811901,0,n373,true,0.9999960645222873,0.8119735235643616,0,1231,false,119,41,0.5122104033885687,0.4531288432264805,null
2259266,2620938,1919260,248058,91948,1822852,96408,119722,128,72965,18983,1101453,721399,67342,29066,25941,0,67015,5950,15885,3098,18543,2602395,2717,10389,5437,353,2364,41,312,1425,939,7397,2992,2356,5041,2992,0,3,5434,3,0,5434,0,790494,1811901,249357,541137,1811901,0,n377,true,0.19052984241651433,0.744514158246841,0,747,false,119,43,0.6875367197314719,0.7404307214260434,null
2259266,2620938,1919260,248058,91948,1822852,96408,119722,128,72965,18983,1101453,721399,67342,29066,25941,0,67015,5950,15885,3098,18543,2602395,2717,10389,5437,353,2364,41,312,1425,939,7397,2992,2356,5041,2992,0,3,5434,3,0,5434,0,790494,1811901,249357,541137,1811901,0,n378,false,0.803421864837552,0.9232498255658972,0,232,false,114,28,0.43750588231382503,0.9820008046591631,null
2259266,2620938,1919260,248058,91948,1822852,96408,119722,128,72965,18983,1101453,721399,67342,29066,25941,0,67015,5950,15885,3098,18543,2602395,2717,10389,5437,353,2364,41,312,1425,939,7397,2992,2356,5041,2992,0,3,5434,3,0,5434,0,790494,1811901,249357,541137,1811901,0,n387,false,0.1485068005524752,0.8079335556694368,0,24899,false,100,1,0.3528288190489358,0.5299489764819828,null
2259266,2620938,1919260,248058,91948,1822852,96408,119722,128,72965,18983,1101453,721399,67342,29066,25941,0,67015,5950,15885,3098,18543,2602395,2717,10389,5437,353,2364,41,312,1425,939,7397,2992,2356,5041,2992,0,3,5434,3,0,5434,0,790494,1811901,249357,541137,1811901,0,n390,true,0.4640146653980707,0.671377803731401,0,5529,false,107,29,0.6273604041205494,0.6649164965187703,null
2259266,2620938,1919260,248058,91948,1822852,96408,119722,128,72965,18983,1101453,721399,67342,29066,25941,0,67015,5950,15885,3098,18543,2602395,2717,10389,5437,353,2364,41,312,1425,939,7397,2992,2356,5041,2992,0,3,5434,3,0,5434,0,790494,1811901,249357,541137,1811901,0,n395,false,0.7627247559983505,0.5218706832248254,0,1155,false,122,50,0.3418245795173784,0.5415687118872972,null
2259266,2620938,1919260,248058,91948,1822852,96408,119722,128,72965,18983,1101453,721399,67342,29066,25941,0,67015,5950,15885,3098,18543,2602395,2717,10389,5437,353,2364,41,312,1425,939,7397,2992,2356,5041,2992,0,3,5434,3,0,5434,0,790494,1811901,249357,541137,1811901,0,n398,true,0.006601617465831884,0.6637146883829768,0,49,false,103,52,0.6742916019168679,0.5627494537735184,null
2259266,2620938,1919260,248058,91948,1822852,96408,119722,128,72965,18983,1101453,721399,67342,29066,25941,0,67015,5950,15885,3098,18543,2602395,2717,10389,5437,353,2364,41,312,1425,939,7397,2992,2356,5041,2992,0,3,5434,3,0,5434,0,790494,1811901,249357,541137,1811901,0,n399,false,0.06159784742417894,0.46650327628919486,0,324,false,114,29,0.3732258806630647,0.9666404649004724,null
2259266,2620938,1919260,248058,91948,1822852,96408,119722,128,72965,18983,1101453,721399,67342,29066,25941,0,67015,5950,15885,3098,18543,2602395,2717,10389,5437,353,2364,41,312,1425,939,7397,2992,2356,5041,2992,0,3,5434,3,0,5434,0,790494,1811901,249357,541137,1811901,0,n403,false,0.07334612923094147,0.8234796073242043,0,24899,false,0,0,0.6295804581442878,0.8582870284428741,null
2259266,2620938,1919260,248058,91948,1822852,96408,119722,128,72965,18983,1101453,721399,67342,29066,25941,0,67015,5950,15885,3098,18543,2602395,2717,10389,5437,353,2364,41,312,1425,939,7397,2992,2356,5041,2992,0,3,5434,3,0,5434,0,790494,1811901,249357,541137,1811901,0,n406,true,0.2002070243229608,0.6401158774794073,0,827,false,111,25,0.4415077672480725,0.7685105032989805,null
2259266,2620938,1919260,248058,91948,1822852,96408,119722,128,72965,18983,1101453,721399,67342,29066,25941,0,67015,5950,15885,3098,18543,2602395,2717,10389,5437,353,2364,41,312,1425,939,7397,2992,2356,5041,2992,0,3,5434,3,0,5434,0,790494,1811901,249357,541137,1811901,0,n414,true,0.2415783739556734,0.706651275171924,0,2172,false,106,24,0.8945329529408046,0.7624545159794143,null
2259266,2620938,1919260,248058,91948,1822852,96408,119722,128,72965,18983,1101453,721399,67342,29066,25941,0,67015,5950,15885,3098,18543,2602395,2717,10389,5437,353,2364,41,312,1425,939,7397,2992,2356,5041,2992,0,3,5434,3,0,5434,0,790494,1811901,249357,541137,1811901,0,n415,false,0.7015050846896178,0.6538915357345602,0,97,false,112,25,0.6921674531059644,0.9132789451279076,null
2259266,2620938,1919260,248058,91948,1822852,96408,119722,128,72965,18983,1101453,721399,67342,29066,25941,0,67015,5950,15885,3098,18543,2602395,2717,10389,5437,353,2364,41,312,1425,939,7397,2992,2356,5041,2992,0,3,5434,3,0,5434,0,790494,1811901,249357,541137,1811901,0,n417,false,0.30917242056449723,0.5639324765740248,0,297,false,111,23,0.6186619279972331,0.2459808741378527,null
2259266,2620938,1919260,248058,91948,1822852,96408,119722,128,72965,18983,1101453,721399,67342,29066,25941,0,67015,5950,15885,3098,18543,2602395,2717,10389,5437,353,2364,41,312,1425,939,7397,2992,2356,5041,2992,0,3,5434,3,0,5434,0,790494,1811901,249357,541137,1811901,0,n419,false,0.31651483472239705,0.7084358076325086,0,24899,false,0,0,0.2751682603121339,0.9548368462643653,null
2259266,2620938,1919260,248058,91948,1822852,96408,119722,128,72965,18983,1101453,721399,67342,29066,25941,0,67015,5950,15885,3098,18543,2602395,2717,10389,5437,353,2364,41,312,1425,939,7397,2992,2356,5041,2992,0,3,5434,3,0,5434,0,790494,1811901,249357,541137,1811901,0,n422,true,0.08068573366855006,0.5864579925517522,0,1885,false,120,43,0.8219266783910335,0.40422967103830754,null
2259266,2620938,1919260,248058,91948,1822852,96408,119722,128,72965,18983,1101453,721399,67342,29066,25941,0,67015,5950,15885,3098,18543,2602395,2717,10389,5437,353,2364,41,312,1425,939,7397,2992,2356,5041,2992,0,3,5434,3,0,5434,0,790494,1811901,249357,541137,1811901,0,n424,true,0.8790555582832672,0.9814777463888431,0,1001,false,113,27,0.5017057861531299,0.6026100497194137,null
2259266,2620938,1919260,248058,91948,1822852,96408,119722,128,72965,18983,1101453,721399,67342,29066,25941,0,67015,5950,15885,3098,18543,2602395,2717,10389,5437,353,2364,41,312,1425,939,7397,2992,2356,5041,2992,0,3,5434,3,0,5434,0,790494,1811901,249357,541137,1811901,0,n425,false,0.6768875169901073,0.5114945832241089,0,488,false,110,22,0.7408332559575208,0.43252071092805666,null
2259266,2620938,1919260,248058,91948,1822852,96408,119722,128,72965,18983,1101453,721399,67342,29066,25941,0,67015,5950,15885,3098,18543,2602395,2717,10389,5437,353,2364,41,312,1425,939,7397,2992,2356,5041,2992,0,3,5434,3,0,5434,0,790494,1811901,249357,541137,1811901,0,n429,true,0.019716266940911116,0.4536248465245639,0,280,false,101,5,0.19767999684901472,0.34085162042354206,null
2259266,2620938,1919260,248058,91948,1822852,96408,119722,128,72965,18983,1101453,721399,67342,29066,25941,0,67015,5950,15885,3098,18543,2602395,2717,10389,5437,353,2364,41,312,1425,939,7397,2992,2356,5041,2992,0,3,5434,3,0,5434,0,790494,1811901,249357,541137,1811901,0,n432,false,0.22275981921286508,0.8759579473252637,0,24899,false,0,0,0.11968968182860434,0.37723872181405765,null
2259266,2620938,1919260,248058,91948,1822852,96408,119722,128,72965,18983,1101453,721399,67342,29066,25941,0,67015,5950,15885,3098,18543,2602395,2717,10389,5437,353,2364,41,312,1425,939,7397,2992,2356,5041,2992,0,3,5434,3,0,5434,0,790494,1811901,249357,541137,1811901,0,n433,true,0.9821543377089956,0.6952432207875855,0,1178,false,106,37,0.5358164111396453,0.8307030426977562,null
2259266,2620938,1919260,248058,91948,1822852,96408,119722,128,72965,18983,1101453,721399,67342,29066,25941,0,67015,5950,15885,3098,18543,2602395,2717,10389,5437,353,2364,41,312,1425,939,7397,2992,2356,5041,2992,0,3,5434,3,0,5434,0,790494,1811901,249357,541137,1811901,0,n434,true,0.6458768530769764,0.7288342441868327,0,2136,false,108,18,0.35375159735361994,0.8967582543775952,null
2259266,2620938,1919260,248058,91948,1822852,96408,119722,128,72965,18983,1101453,721399,67342,29066,25941,0,67015,5950,15885,3098,18543,2602395,2717,10389,5437,353,2364,41,312,1425,939,7397,2992,2356,5041,2992,0,3,5434,3,0,5434,0,790494,1811901,249357,541137,1811901,0,n437,false,0.11460641385267833,0.910993071766485,0,13638,false,100,33,0.2502067190159453,0.9262868619785822,null
2259266,2620938,1919260,248058,91948,1822852,96408,119722,128,72965,18983,1101453,721399,67342,29066,25941,0,67015,5950,15885,3098,18543,2602395,2717,10389,5437,353,2364,41,312,1425,939,7397,2992,2356,5041,2992,0,3,5434,3,0,5434,0,790494,1811901,249357,541137,1811901,0,n439,false,0.11230478834803195,0.4402111894418519,0,3852,false,109,20,0.8773506243957976,0.8000991151358952,null
2259266,2620938,1919260,248058,91948,1822852,96408,119722,128,72965,18983,1101453,721399,67342,29066,25941,0,67015,5950,15885,3098,18543,2602395,2717,10389,5437,353,2364,41,312,1425,939,7397,2992,2356,5041,2992,0,3,5434,3,0,5434,0,790494,1811901,249357,541137,1811901,0,n444,false,0.29995983390169634,0.7492556174045889,0,24899,false,0,0,0.41966039163716246,0.8395254988764946,null
2259266,2620938,1919260,248058,91948,1822852,96408,119722,128,72965,18983,1101453,721399,67342,29066,25941,0,67015,5950,15885,3098,18543,2602395,2717,10389,5437,353,2364,41,312,1425,939,7397,2992,2356,5041,2992,0,3,5434,3,0,5434,0,790494,1811901,249357,541137,1811901,0,n448,true,0.88387681288397,0.8964322267424065,0,118,false,108,30,0.7942598103901766,0.7367830698762994,null
2259266,2620938,1919260,248058,91948,1822852,96408,119722,128,72965,18983,1101453,721399,67342,29066,25941,0,67015,5950,15885,3098,18543,2602395,2717,10389,5437,353,2364,41,312,1425,939,7397,2992,2356,5041,2992,0,3,5434,3,0,5434,0,790494,1811901,249357,541137,1811901,0,n449,true,0.5836426140257752,0.6173509581597424,0,617,false,114,30,0.618149678362371,0.5439006749772742,null
2259266,2620938,1919260,248058,91948,1822852,96408,119722,128,72965,18983,1101453,721399,67342,29066,25941,0,67015,5950,15885,3098,18543,2602395,2717,10389,5437,353,2364,41,312,1425,939,7397,2992,2356,5041,2992,0,3,5434,3,0,5434,0,790494,1811901,249357,541137,1811901,0,n450,true,0.7750416526826925,0.8931142570999754,0,1864,false,109,21,0.0921529083803036,0.9915807051696696,null
2259266,2620938,1919260,248058,91948,1822852,96408,119722,128,72965,18983,1101453,721399,67342,29066,25941,0,67015,5950,15885,3098,18543,2602395,2717,10389,5437,353,2364,41,312,1425,939,7397,2992,2356,5041,2992,0,3,5434,3,0,5434,0,790494,1811901,249357,541137,1811901,0,n452,false,0.6357310336261109,0.8801651797218486,0,720,false,110,22,0.9936093892141393,0.3681177685012683,null
2259266,2620938,1919260,248058,91948,1822852,96408,119722,128,72965,18983,1101453,721399,67342,29066,25941,0,67015,5950,15885,3098,18543,2602395,2717,10389,5437,353,2364,41,312,1425,939,7397,2992,2356,5041,2992,0,3,5434,3,0,5434,0,790494,1811901,249357,541137,1811901,0,n456,false,0.3791585830594786,0.6230088586189735,0,74,false,117,36,0.339675029145616,0.9308195084121298,null
2259266,2620938,1919260,248058,91948,1822852,96408,119722,128,72965,18983,1101453,721399,67342,29066,25941,0,67015,5950,15885,3098,18543,2602395,2717,10389,5437,353,2364,41,312,1425,939,7397,2992,2356,5041,2992,0,3,5434,3,0,5434,0,790494,1811901,249357,541137,1811901,0,n458,false,0.31445438324123925,0.7524326126359113,0,24899,false,100,0,0.6154885954809874,0.2595857055848828,null
2259266,2620938,1919260,248058,91948,1822852,96408,119722,128,72965,18983,1101453,721399,67342,29066,25941,0,67015,5950,15885,3098,18543,2602395,2717,10389,5437,353,2364,41,312,1425,939,7397,2992,2356,5041,2992,0,3,5434,3,0,5434,0,790494,1811901,249357,541137,1811901,0,n463,true,0.787136422500462,0.5677123598801092,0,762,false,107,17,0.06607310172440906,0.9857478989749087,null
2259266,2620938,1919260,248058,91948,1822852,96408,119722,128,72965,18983,1101453,721399,67342,29066,25941,0,67015,5950,15885,3098,18543,2602395,2717,10389,5437,353,2364,41,312,1425,939,7397,2992,2356,5041,2992,0,3,5434,3,0,5434,0,790494,1811901,249357,541137,1811901,0,n464,false,0.17317724752349772,0.8930180701742341,0,24899,false,100,0,0.49640632417668007,0.3178929168044398,null
2259266,2620938,1919260,248058,91948,1822852,96408,119722,128,72965,18983,1101453,721399,67342,29066,25941,0,67015,5950,15885,3098,18543,2602395,2717,10389,5437,353,2364,41,312,1425,939,7397,2992,2356,5041,2992,0,3,5434,3,0,5434,0,790494,1811901,249357,541137,1811901,0,n465,true,0.496220746449692,0.7315088761915275,0,2947,false,113,29,0.05998742563785553,0.8686301483935389,null
2259266,2620938,1919260,248058,91948,1822852,96408,119722,128,72965,18983,1101453,721399,67342,29066,25941,0,67015,5950,15885,3098,18543,2602395,2717,10389,5437,353,2364,41,312,1425,939,7397,2992,2356,5041,2992,0,3,5434,3,0,5434,0,790494,1811901,249357,541137,1811901,0,n467,false,0.6091903571015925,0.8883539539247611,0,1108,false,111,24,0.8333323555937282,0.9966939431038286,null
2259266,2620938,1919260,248058,91948,1822852,96408,119722,128,72965,18983,1101453,721399,67342,29066,25941,0,67015,5950,15885,3098,18543,2602395,2717,10389,5437,353,2364,41,312,1425,939,7397,2992,2356,5041,2992,0,3,5434,3,0,5434,0,790494,1811901,249357,541137,1811901,0,n468,true,0.6195424877421993,0.7815522955909899,0,1512,false,110,25,0.808287638872361,0.749770985517261,null
2259266,2620938,1919260,248058,91948,1822852,96408,119722,128,72965,18983,1101453,721399,67342,29066,25941,0,67015,5950,15885,3098,18543,2602395,2717,10389,5437,353,2364,41,312,1425,939,7397,2992,2356,5041,2992,0,3,5434,3,0,5434,0,790494,1811901,249357,541137,1811901,0,n471,true,0.2916639520795157,0.4269892432737406,0,2326,false,116,34,0.25772809373656236,0.1331088407357695,null
2259266,2620938,1919260,248058,91948,1822852,96408,119722,128,72965,18983,1101453,721399,67342,29066,25941,0,67015,5950,15885,3098,18543,2602395,2717,10389,5437,353,2364,41,312,1425,939,7397,2992,2356,5041,2992,0,3,5434,3,0,5434,0,790494,1811901,249357,541137,1811901,0,n473,false,0.13274160565550985,0.7501490461099705,0,22636,false,100,5,0.5302946197917737,0.9143787358439972,null
2259266,2620938,1919260,248058,91948,1822852,96408,119722,128,72965,18983,1101453,721399,67342,29066,25941,0,67015,5950,15885,3098,18543,2602395,2717,10389,5437,353,2364,41,312,1425,939,7397,2992,2356,5041,2992,0,3,5434,3,0,5434,0,790494,1811901,249357,541137,1811901,0,n477,false,0.22539073872010623,0.7959051320116368,0,24899,false,100,0,0.4829994322690214,0.15568316573321195,null
2259266,2620938,1919260,248058,91948,1822852,96408,119722,128,72965,18983,1101453,721399,67342,29066,25941,0,67015,5950,15885,3098,18543,2602395,2717,10389,5437,353,2364,41,312,1425,939,7397,2992,2356,5041,2992,0,3,5434,3,0,5434,0,790494,1811901,249357,541137,1811901,0,n490,true,0.6200731256262824,0.7476106352613925,0,5542,false,108,19,0.5607437236239672,0.4847170765338509,null
2259266,2620938,1919260,248058,91948,1822852,96408,119722,128,72965,18983,1101453,721399,67342,29066,25941,0,67015,5950,15885,3098,18543,2602395,2717,10389,5437,353,2364,41,312,1425,939,7397,2992,2356,5041,2992,0,3,5434,3,0,5434,0,790494,1811901,249357,541137,1811901,0,n491,true,0.866577171859841,0.8136497550997464,0,350,false,113,29,0.41766706149876753,0.7645470612913537,null
2259266,2620938,1919260,248058,91948,1822852,96408,119722,128,72965,18983,1101453,721399,67342,29066,25941,0,67015,5950,15885,3098,18543,2602395,2717,10389,5437,353,2364,41,312,1425,939,7397,2992,2356,5041,2992,0,3,5434,3,0,5434,0,790494,1811901,249357,541137,1811901,0,n493,false,0.5779630390061195,0.836426791618393,0,491,false,111,24,0.61700351793559,0.8272753949417326,null
2259266,2620938,1919260,248058,91948,1822852,96408,119722,128,72965,18983,1101453,721399,67342,29066,25941,0,67015,5950,15885,3098,18543,2602395,2717,10389,5437,353,2364,41,312,1425,939,7397,2992,2356,5041,2992,0,3,5434,3,0,5434,0,790494,1811901,249357,541137,1811901,0,n497,false,0.519483461334171,0.7031488323670138,0,1412,false,114,29,0.7930930473317748,0.5481658106919823,null
2259266,2620938,1919260,248058,91948,1822852,96408,119722,128,72965,18983,1101453,721399,67342,29066,25941,0,67015,5950,15885,3098,18543,2602395,2717,10389,5437,353,2364,41,312,1425,939,7397,2992,2356,5041,2992,0,3,5434,3,0,5434,0,790494,1811901,249357,541137,1811901,0,n499,true,0.16443020907348918,0.28357463827887497,0,445,false,110,27,0.8762469228532755,0.8585290141613157,null
