rtA1,rtA2,rtA1a,rtA1b,rtA1c,rtA1a1,rtA1a2,rtA1b1,rtA1b2,rtA1c1,rtA1c2,rtA1a1a,rtA1a1b,rtA1a2a,rtA1a2b,rtA1b1a,rtA1b1b,rtA1c1a,rtA1c1b,rtA1c2a,rtA1c2b,rtA2a,rtA2b,rtA2a1,rtA2a2,rtA2a3,rtA2a1A,rtA2a1B,rtA2a1A1,rtA2a1A2,rtA2a1B1,rtA2a1B2,rtA2a2A,rtA2a2B,rtA2a2A1,rtA2a2A2,rtA2a2B1,rtA2a2B2,rtA2a3A,rtA2a3B,rtA2a3A1,rtA2a3A2,rtA2a3B1,rtA2a3B2,rtA2b1,rtA2b2,rtA2b1A,rtA2b1B,rtA2b2A,rtA2b2B,id,isSmoker,willpower,health,smokedPerDay,turnsSinceLastChange,givingUp,stepsSinceGiveUp,giveUpAttempts,influenceability,sociable,$SWITCH_TABLE$simconsts$Operations
7706378,9620022,2047245,5564748,94385,1391729,655516,4198550,0,74912,19473,1056721,335008,990053,1031661,1403664,0,40161,34751,7694,11779,233822,9386200,66192,162846,4784,26769,39423,9291,17478,28830,10593,161142,1704,72769,88373,1704,0,1,4783,1,0,4783,0,4705230,4680970,1697403,3007827,2135585,2545385,n0,true,0.8057856193049825,0.746446853383712,11,17939,false,500,2,0.4980477120012749,0.4450878813640151,null
7706378,9620022,2047245,5564748,94385,1391729,655516,4198550,0,74912,19473,1056721,335008,990053,1031661,1403664,0,40161,34751,7694,11779,233822,9386200,66192,162846,4784,26769,39423,9291,17478,28830,10593,161142,1704,72769,88373,1704,0,1,4783,1,0,4783,0,4705230,4680970,1697403,3007827,2135585,2545385,n1,false,0.15613160690066988,0.7542458758323816,0,23324,false,500,1,0.24486701391518495,0.219915457707192,null
7706378,9620022,2047245,5564748,94385,1391729,655516,4198550,0,74912,19473,1056721,335008,990053,1031661,1403664,0,40161,34751,7694,11779,233822,9386200,66192,162846,4784,26769,39423,9291,17478,28830,10593,161142,1704,72769,88373,1704,0,1,4783,1,0,4783,0,4705230,4680970,1697403,3007827,2135585,2545385,n2,true,0.6314072181190566,0.8003528173131926,12,20011,false,0,1,0.4121270694795848,0.8972759475418117,null
7706378,9620022,2047245,5564748,94385,1391729,655516,4198550,0,74912,19473,1056721,335008,990053,1031661,1403664,0,40161,34751,7694,11779,233822,9386200,66192,162846,4784,26769,39423,9291,17478,28830,10593,161142,1704,72769,88373,1704,0,1,4783,1,0,4783,0,4705230,4680970,1697403,3007827,2135585,2545385,n3,true,0.008061522884845285,0.734053548110419,10,2979,false,501,6,0.5144337102074323,0.07595471670217813,null
7706378,9620022,2047245,5564748,94385,1391729,655516,4198550,0,74912,19473,1056721,335008,990053,1031661,1403664,0,40161,34751,7694,11779,233822,9386200,66192,162846,4784,26769,39423,9291,17478,28830,10593,161142,1704,72769,88373,1704,0,1,4783,1,0,4783,0,4705230,4680970,1697403,3007827,2135585,2545385,n4,true,0.8424270162034311,0.7797815630082817,12,28400,false,0,0,0.3302299236162659,0.840575071327416,null
7706378,9620022,2047245,5564748,94385,1391729,655516,4198550,0,74912,19473,1056721,335008,990053,1031661,1403664,0,40161,34751,7694,11779,233822,9386200,66192,162846,4784,26769,39423,9291,17478,28830,10593,161142,1704,72769,88373,1704,0,1,4783,1,0,4783,0,4705230,4680970,1697403,3007827,2135585,2545385,n6,true,0.509980517588199,0.8436641981430812,11,11969,false,501,4,0.8462237315786152,0.7929599181749184,null
7706378,9620022,2047245,5564748,94385,1391729,655516,4198550,0,74912,19473,1056721,335008,990053,1031661,1403664,0,40161,34751,7694,11779,233822,9386200,66192,162846,4784,26769,39423,9291,17478,28830,10593,161142,1704,72769,88373,1704,0,1,4783,1,0,4783,0,4705230,4680970,1697403,3007827,2135585,2545385,n9,false,0.5288985049097128,0.3467547303406848,0,5376,false,502,5,0.6984883332339332,0.36557837127056514,null
7706378,9620022,2047245,5564748,94385,1391729,655516,4198550,0,74912,19473,1056721,335008,990053,1031661,1403664,0,40161,34751,7694,11779,233822,9386200,66192,162846,4784,26769,39423,9291,17478,28830,10593,161142,1704,72769,88373,1704,0,1,4783,1,0,4783,0,4705230,4680970,1697403,3007827,2135585,2545385,n10,false,0.47847452064075313,0.6052875139547479,0,1614,false,502,5,0.6179265606682179,0.4620361204540254,null
7706378,9620022,2047245,5564748,94385,1391729,655516,4198550,0,74912,19473,1056721,335008,990053,1031661,1403664,0,40161,34751,7694,11779,233822,9386200,66192,162846,4784,26769,39423,9291,17478,28830,10593,161142,1704,72769,88373,1704,0,1,4783,1,0,4783,0,4705230,4680970,1697403,3007827,2135585,2545385,n12,false,0.8937118947081781,0.46931172469547855,0,6920,false,501,4,0.08411280914527236,0.5597288968719627,null
7706378,9620022,2047245,5564748,94385,1391729,655516,4198550,0,74912,19473,1056721,335008,990053,1031661,1403664,0,40161,34751,7694,11779,233822,9386200,66192,162846,4784,26769,39423,9291,17478,28830,10593,161142,1704,72769,88373,1704,0,1,4783,1,0,4783,0,4705230,4680970,1697403,3007827,2135585,2545385,n13,false,0.8339123753498769,0.770227106546004,0,17656,false,501,3,0.032908705347140965,0.05722521380729462,null
7706378,9620022,2047245,5564748,94385,1391729,655516,4198550,0,74912,19473,1056721,335008,990053,1031661,1403664,0,40161,34751,7694,11779,233822,9386200,66192,162846,4784,26769,39423,9291,17478,28830,10593,161142,1704,72769,88373,1704,0,1,4783,1,0,4783,0,4705230,4680970,1697403,3007827,2135585,2545385,n15,false,0.3145238451136809,0.7453848249619409,0,7202,false,502,5,0.3777788934913462,0.8952486235541306,null
7706378,9620022,2047245,5564748,94385,1391729,655516,4198550,0,74912,19473,1056721,335008,990053,1031661,1403664,0,40161,34751,7694,11779,233822,9386200,66192,162846,4784,26769,39423,9291,17478,28830,10593,161142,1704,72769,88373,1704,0,1,4783,1,0,4783,0,4705230,4680970,1697403,3007827,2135585,2545385,n19,true,0.5755597955011993,0.8660997797776264,11,28400,false,0,0,0.025086569532347502,0.8345130043941151,null
7706378,9620022,2047245,5564748,94385,1391729,655516,4198550,0,74912,19473,1056721,335008,990053,1031661,1403664,0,40161,34751,7694,11779,233822,9386200,66192,162846,4784,26769,39423,9291,17478,28830,10593,161142,1704,72769,88373,1704,0,1,4783,1,0,4783,0,4705230,4680970,1697403,3007827,2135585,2545385,n23,false,0.3800273230598255,0.6869305902518238,0,21965,false,500,2,0.7357288745401944,0.6071228680604048,null
7706378,9620022,2047245,5564748,94385,1391729,655516,4198550,0,74912,19473,1056721,335008,990053,1031661,1403664,0,40161,34751,7694,11779,233822,9386200,66192,162846,4784,26769,39423,9291,17478,28830,10593,161142,1704,72769,88373,1704,0,1,4783,1,0,4783,0,4705230,4680970,1697403,3007827,2135585,2545385,n26,false,0.7279905756455718,0.7283967725978981,0,576,false,503,7,0.8628953556936059,0.5069426793701881,null
7706378,9620022,2047245,5564748,94385,1391729,655516,4198550,0,74912,19473,1056721,335008,990053,1031661,1403664,0,40161,34751,7694,11779,233822,9386200,66192,162846,4784,26769,39423,9291,17478,28830,10593,161142,1704,72769,88373,1704,0,1,4783,1,0,4783,0,4705230,4680970,1697403,3007827,2135585,2545385,n29,false,0.03133315115629074,0.6845589457431854,0,15429,false,501,3,0.5402437750472555,0.7207749337085737,null
7706378,9620022,2047245,5564748,94385,1391729,655516,4198550,0,74912,19473,1056721,335008,990053,1031661,1403664,0,40161,34751,7694,11779,233822,9386200,66192,162846,4784,26769,39423,9291,17478,28830,10593,161142,1704,72769,88373,1704,0,1,4783,1,0,4783,0,4705230,4680970,1697403,3007827,2135585,2545385,n35,false,0.09517924712907541,0.9640997661167149,0,1135,false,501,3,0.06949560417371914,0.36943808839464876,null
7706378,9620022,2047245,5564748,94385,1391729,655516,4198550,0,74912,19473,1056721,335008,990053,1031661,1403664,0,40161,34751,7694,11779,233822,9386200,66192,162846,4784,26769,39423,9291,17478,28830,10593,161142,1704,72769,88373,1704,0,1,4783,1,0,4783,0,4705230,4680970,1697403,3007827,2135585,2545385,n36,true,0.5306354190069891,0.6715736316996999,6,2074,false,501,5,0.47895824116147556,0.47494003247339733,null
7706378,9620022,2047245,5564748,94385,1391729,655516,4198550,0,74912,19473,1056721,335008,990053,1031661,1403664,0,40161,34751,7694,11779,233822,9386200,66192,162846,4784,26769,39423,9291,17478,28830,10593,161142,1704,72769,88373,1704,0,1,4783,1,0,4783,0,4705230,4680970,1697403,3007827,2135585,2545385,n37,false,0.7725378113198841,0.594046994672088,0,9132,false,501,3,0.22258278951592947,0.9176479534733712,null
7706378,9620022,2047245,5564748,94385,1391729,655516,4198550,0,74912,19473,1056721,335008,990053,1031661,1403664,0,40161,34751,7694,11779,233822,9386200,66192,162846,4784,26769,39423,9291,17478,28830,10593,161142,1704,72769,88373,1704,0,1,4783,1,0,4783,0,4705230,4680970,1697403,3007827,2135585,2545385,n39,true,0.8098283456654881,0.8209471485134687,13,28260,false,0,1,0.6282187731189162,0.8741847330930175,null
7706378,9620022,2047245,5564748,94385,1391729,655516,4198550,0,74912,19473,1056721,335008,990053,1031661,1403664,0,40161,34751,7694,11779,233822,9386200,66192,162846,4784,26769,39423,9291,17478,28830,10593,161142,1704,72769,88373,1704,0,1,4783,1,0,4783,0,4705230,4680970,1697403,3007827,2135585,2545385,n45,false,0.5382526810058389,0.5217542564532285,0,1546,false,502,4,0.5718414816600195,0.5195569796655163,null
7706378,9620022,2047245,5564748,94385,1391729,655516,4198550,0,74912,19473,1056721,335008,990053,1031661,1403664,0,40161,34751,7694,11779,233822,9386200,66192,162846,4784,26769,39423,9291,17478,28830,10593,161142,1704,72769,88373,1704,0,1,4783,1,0,4783,0,4705230,4680970,1697403,3007827,2135585,2545385,n46,false,0.14038176721111473,0.5737464924266803,0,8758,false,502,5,0.4548321788886257,0.8787689766806486,null
7706378,9620022,2047245,5564748,94385,1391729,655516,4198550,0,74912,19473,1056721,335008,990053,1031661,1403664,0,40161,34751,7694,11779,233822,9386200,66192,162846,4784,26769,39423,9291,17478,28830,10593,161142,1704,72769,88373,1704,0,1,4783,1,0,4783,0,4705230,4680970,1697403,3007827,2135585,2545385,n47,true,0.5086378138368891,0.6467698614541888,8,1891,false,5,7,0.2790971915137339,0.9147152123803776,null
7706378,9620022,2047245,5564748,94385,1391729,655516,4198550,0,74912,19473,1056721,335008,990053,1031661,1403664,0,40161,34751,7694,11779,233822,9386200,66192,162846,4784,26769,39423,9291,17478,28830,10593,161142,1704,72769,88373,1704,0,1,4783,1,0,4783,0,4705230,4680970,1697403,3007827,2135585,2545385,n49,true,0.240243864304317,0.7182334817296608,11,13208,false,501,5,0.3207904885745507,0.863332926291588,null
7706378,9620022,2047245,5564748,94385,1391729,655516,4198550,0,74912,19473,1056721,335008,990053,1031661,1403664,0,40161,34751,7694,11779,233822,9386200,66192,162846,4784,26769,39423,9291,17478,28830,10593,161142,1704,72769,88373,1704,0,1,4783,1,0,4783,0,4705230,4680970,1697403,3007827,2135585,2545385,n51,true,0.16421149242576139,0.9004304758613412,11,7798,false,0,1,0.6206798048686,0.9598607358584166,null
7706378,9620022,2047245,5564748,94385,1391729,655516,4198550,0,74912,19473,1056721,335008,990053,1031661,1403664,0,40161,34751,7694,11779,233822,9386200,66192,162846,4784,26769,39423,9291,17478,28830,10593,161142,1704,72769,88373,1704,0,1,4783,1,0,4783,0,4705230,4680970,1697403,3007827,2135585,2545385,n52,true,0.6326752972969674,0.9219078914931441,11,28400,false,0,0,0.8720173555187944,0.708859716393244,null
7706378,9620022,2047245,5564748,94385,1391729,655516,4198550,0,74912,19473,1056721,335008,990053,1031661,1403664,0,40161,34751,7694,11779,233822,9386200,66192,162846,4784,26769,39423,9291,17478,28830,10593,161142,1704,72769,88373,1704,0,1,4783,1,0,4783,0,4705230,4680970,1697403,3007827,2135585,2545385,n58,true,0.08730013676099163,0.8370395112446256,11,20981,false,500,3,0.699463614448839,0.7601824542617892,null
7706378,9620022,2047245,5564748,94385,1391729,655516,4198550,0,74912,19473,1056721,335008,990053,1031661,1403664,0,40161,34751,7694,11779,233822,9386200,66192,162846,4784,26769,39423,9291,17478,28830,10593,161142,1704,72769,88373,1704,0,1,4783,1,0,4783,0,4705230,4680970,1697403,3007827,2135585,2545385,n59,true,0.37766234846368324,0.6185075822701207,5,515,false,502,7,0.5919149350998865,0.7381795607166244,null
7706378,9620022,2047245,5564748,94385,1391729,655516,4198550,0,74912,19473,1056721,335008,990053,1031661,1403664,0,40161,34751,7694,11779,233822,9386200,66192,162846,4784,26769,39423,9291,17478,28830,10593,161142,1704,72769,88373,1704,0,1,4783,1,0,4783,0,4705230,4680970,1697403,3007827,2135585,2545385,n64,true,0.013695804227838736,0.8627838671146082,10,11576,false,501,5,0.2614899722221703,0.5418666380998519,null
7706378,9620022,2047245,5564748,94385,1391729,655516,4198550,0,74912,19473,1056721,335008,990053,1031661,1403664,0,40161,34751,7694,11779,233822,9386200,66192,162846,4784,26769,39423,9291,17478,28830,10593,161142,1704,72769,88373,1704,0,1,4783,1,0,4783,0,4705230,4680970,1697403,3007827,2135585,2545385,n67,true,0.13623822033735924,0.7525473943077142,12,23170,false,500,2,0.021360505115272044,0.7511076302345607,null
7706378,9620022,2047245,5564748,94385,1391729,655516,4198550,0,74912,19473,1056721,335008,990053,1031661,1403664,0,40161,34751,7694,11779,233822,9386200,66192,162846,4784,26769,39423,9291,17478,28830,10593,161142,1704,72769,88373,1704,0,1,4783,1,0,4783,0,4705230,4680970,1697403,3007827,2135585,2545385,n68,false,0.7401738527042027,0.6056263970466423,0,14224,false,501,3,0.8131209013927272,0.9862876073582021,null
7706378,9620022,2047245,5564748,94385,1391729,655516,4198550,0,74912,19473,1056721,335008,990053,1031661,1403664,0,40161,34751,7694,11779,233822,9386200,66192,162846,4784,26769,39423,9291,17478,28830,10593,161142,1704,72769,88373,1704,0,1,4783,1,0,4783,0,4705230,4680970,1697403,3007827,2135585,2545385,n69,true,0.6773582119619224,0.7819191357609885,7,25944,false,500,1,0.4257922805828066,0.6335859706586742,null
7706378,9620022,2047245,5564748,94385,1391729,655516,4198550,0,74912,19473,1056721,335008,990053,1031661,1403664,0,40161,34751,7694,11779,233822,9386200,66192,162846,4784,26769,39423,9291,17478,28830,10593,161142,1704,72769,88373,1704,0,1,4783,1,0,4783,0,4705230,4680970,1697403,3007827,2135585,2545385,n71,false,0.09613660677402776,0.6019920881467663,0,23805,false,501,3,0.6485719021125951,0.8363772244808029,null
7706378,9620022,2047245,5564748,94385,1391729,655516,4198550,0,74912,19473,1056721,335008,990053,1031661,1403664,0,40161,34751,7694,11779,233822,9386200,66192,162846,4784,26769,39423,9291,17478,28830,10593,161142,1704,72769,88373,1704,0,1,4783,1,0,4783,0,4705230,4680970,1697403,3007827,2135585,2545385,n72,true,0.5852989307988897,0.4016578214052143,11,2470,false,503,9,0.4045720711987209,0.8469634725853292,null
7706378,9620022,2047245,5564748,94385,1391729,655516,4198550,0,74912,19473,1056721,335008,990053,1031661,1403664,0,40161,34751,7694,11779,233822,9386200,66192,162846,4784,26769,39423,9291,17478,28830,10593,161142,1704,72769,88373,1704,0,1,4783,1,0,4783,0,4705230,4680970,1697403,3007827,2135585,2545385,n74,false,0.7972545686990045,0.7165103715753426,0,846,false,501,4,0.8197373010256191,0.6788876601211308,null
7706378,9620022,2047245,5564748,94385,1391729,655516,4198550,0,74912,19473,1056721,335008,990053,1031661,1403664,0,40161,34751,7694,11779,233822,9386200,66192,162846,4784,26769,39423,9291,17478,28830,10593,161142,1704,72769,88373,1704,0,1,4783,1,0,4783,0,4705230,4680970,1697403,3007827,2135585,2545385,n78,false,0.12942308229910088,0.478712513319442,0,5473,false,501,4,0.2258361918839898,0.7734101928362666,null
7706378,9620022,2047245,5564748,94385,1391729,655516,4198550,0,74912,19473,1056721,335008,990053,1031661,1403664,0,40161,34751,7694,11779,233822,9386200,66192,162846,4784,26769,39423,9291,17478,28830,10593,161142,1704,72769,88373,1704,0,1,4783,1,0,4783,0,4705230,4680970,1697403,3007827,2135585,2545385,n79,false,0.7290288653228626,0.6004096181639694,0,10757,false,502,5,0.6880535316605382,0.665956948103032,null
7706378,9620022,2047245,5564748,94385,1391729,655516,4198550,0,74912,19473,1056721,335008,990053,1031661,1403664,0,40161,34751,7694,11779,233822,9386200,66192,162846,4784,26769,39423,9291,17478,28830,10593,161142,1704,72769,88373,1704,0,1,4783,1,0,4783,0,4705230,4680970,1697403,3007827,2135585,2545385,n81,true,0.7969513141012918,0.7321933938818199,11,14630,false,500,1,0.5630282546801822,0.6280536178651954,null
7706378,9620022,2047245,5564748,94385,1391729,655516,4198550,0,74912,19473,1056721,335008,990053,1031661,1403664,0,40161,34751,7694,11779,233822,9386200,66192,162846,4784,26769,39423,9291,17478,28830,10593,161142,1704,72769,88373,1704,0,1,4783,1,0,4783,0,4705230,4680970,1697403,3007827,2135585,2545385,n82,true,0.8873715809826457,0.8239474237372855,8,24925,false,0,1,0.6889322255465605,0.4020031721611733,null
7706378,9620022,2047245,5564748,94385,1391729,655516,4198550,0,74912,19473,1056721,335008,990053,1031661,1403664,0,40161,34751,7694,11779,233822,9386200,66192,162846,4784,26769,39423,9291,17478,28830,10593,161142,1704,72769,88373,1704,0,1,4783,1,0,4783,0,4705230,4680970,1697403,3007827,2135585,2545385,n83,false,0.8753921087187587,0.8274306941219414,0,15332,false,502,4,0.4908958719341064,0.868974993855191,null
7706378,9620022,2047245,5564748,94385,1391729,655516,4198550,0,74912,19473,1056721,335008,990053,1031661,1403664,0,40161,34751,7694,11779,233822,9386200,66192,162846,4784,26769,39423,9291,17478,28830,10593,161142,1704,72769,88373,1704,0,1,4783,1,0,4783,0,4705230,4680970,1697403,3007827,2135585,2545385,n85,true,0.5551416888898688,0.8494161868308792,12,23676,false,0,1,0.6238893474039446,0.9154262457538457,null
7706378,9620022,2047245,5564748,94385,1391729,655516,4198550,0,74912,19473,1056721,335008,990053,1031661,1403664,0,40161,34751,7694,11779,233822,9386200,66192,162846,4784,26769,39423,9291,17478,28830,10593,161142,1704,72769,88373,1704,0,1,4783,1,0,4783,0,4705230,4680970,1697403,3007827,2135585,2545385,n90,false,0.46970957728924734,0.7502804335674818,0,28400,false,0,0,0.4070440752599414,0.5711136415716164,null
7706378,9620022,2047245,5564748,94385,1391729,655516,4198550,0,74912,19473,1056721,335008,990053,1031661,1403664,0,40161,34751,7694,11779,233822,9386200,66192,162846,4784,26769,39423,9291,17478,28830,10593,161142,1704,72769,88373,1704,0,1,4783,1,0,4783,0,4705230,4680970,1697403,3007827,2135585,2545385,n93,false,0.5503836649547426,0.8819623536357968,0,14005,false,502,4,0.4505259966868007,0.3229522084554141,null
7706378,9620022,2047245,5564748,94385,1391729,655516,4198550,0,74912,19473,1056721,335008,990053,1031661,1403664,0,40161,34751,7694,11779,233822,9386200,66192,162846,4784,26769,39423,9291,17478,28830,10593,161142,1704,72769,88373,1704,0,1,4783,1,0,4783,0,4705230,4680970,1697403,3007827,2135585,2545385,n97,true,0.4102432635087298,0.8468264141597353,11,12204,false,500,3,0.6719920068839608,0.12407681276434118,null
7706378,9620022,2047245,5564748,94385,1391729,655516,4198550,0,74912,19473,1056721,335008,990053,1031661,1403664,0,40161,34751,7694,11779,233822,9386200,66192,162846,4784,26769,39423,9291,17478,28830,10593,161142,1704,72769,88373,1704,0,1,4783,1,0,4783,0,4705230,4680970,1697403,3007827,2135585,2545385,n98,false,0.6857759303971394,0.7892489926504942,0,5465,false,502,4,0.8036535307374775,0.4898919017265134,null
7706378,9620022,2047245,5564748,94385,1391729,655516,4198550,0,74912,19473,1056721,335008,990053,1031661,1403664,0,40161,34751,7694,11779,233822,9386200,66192,162846,4784,26769,39423,9291,17478,28830,10593,161142,1704,72769,88373,1704,0,1,4783,1,0,4783,0,4705230,4680970,1697403,3007827,2135585,2545385,n99,false,0.22241693158583642,0.784486263677895,0,2436,false,500,2,0.2979643236552203,0.2466145981396456,null
7706378,9620022,2047245,5564748,94385,1391729,655516,4198550,0,74912,19473,1056721,335008,990053,1031661,1403664,0,40161,34751,7694,11779,233822,9386200,66192,162846,4784,26769,39423,9291,17478,28830,10593,161142,1704,72769,88373,1704,0,1,4783,1,0,4783,0,4705230,4680970,1697403,3007827,2135585,2545385,n101,false,0.6090483805261091,0.8403535645869011,0,2832,false,504,9,0.5713281795027747,0.4819985926331248,null
7706378,9620022,2047245,5564748,94385,1391729,655516,4198550,0,74912,19473,1056721,335008,990053,1031661,1403664,0,40161,34751,7694,11779,233822,9386200,66192,162846,4784,26769,39423,9291,17478,28830,10593,161142,1704,72769,88373,1704,0,1,4783,1,0,4783,0,4705230,4680970,1697403,3007827,2135585,2545385,n104,false,0.24299953915448128,0.5570383213103326,0,5345,false,502,5,0.8082102153706929,0.7304395123141707,null
7706378,9620022,2047245,5564748,94385,1391729,655516,4198550,0,74912,19473,1056721,335008,990053,1031661,1403664,0,40161,34751,7694,11779,233822,9386200,66192,162846,4784,26769,39423,9291,17478,28830,10593,161142,1704,72769,88373,1704,0,1,4783,1,0,4783,0,4705230,4680970,1697403,3007827,2135585,2545385,n106,false,0.27762423186566965,0.7207330921892959,0,16863,false,501,4,0.705003003418724,0.21054606519202523,null
7706378,9620022,2047245,5564748,94385,1391729,655516,4198550,0,74912,19473,1056721,335008,990053,1031661,1403664,0,40161,34751,7694,11779,233822,9386200,66192,162846,4784,26769,39423,9291,17478,28830,10593,161142,1704,72769,88373,1704,0,1,4783,1,0,4783,0,4705230,4680970,1697403,3007827,2135585,2545385,n108,false,0.8896494398513634,0.6064492377102099,0,928,false,501,4,0.5514673522817798,0.57545959427789,null
7706378,9620022,2047245,5564748,94385,1391729,655516,4198550,0,74912,19473,1056721,335008,990053,1031661,1403664,0,40161,34751,7694,11779,233822,9386200,66192,162846,4784,26769,39423,9291,17478,28830,10593,161142,1704,72769,88373,1704,0,1,4783,1,0,4783,0,4705230,4680970,1697403,3007827,2135585,2545385,n109,false,0.9999985694013692,0.2402020479086055,0,4904,false,500,2,0.6475046204579276,0.979370823659142,null
7706378,9620022,2047245,5564748,94385,1391729,655516,4198550,0,74912,19473,1056721,335008,990053,1031661,1403664,0,40161,34751,7694,11779,233822,9386200,66192,162846,4784,26769,39423,9291,17478,28830,10593,161142,1704,72769,88373,1704,0,1,4783,1,0,4783,0,4705230,4680970,1697403,3007827,2135585,2545385,n110,true,0.8213890245334461,0.9039722062269651,11,25330,false,500,1,0.07690915151162742,0.7440791260259967,null
7706378,9620022,2047245,5564748,94385,1391729,655516,4198550,0,74912,19473,1056721,335008,990053,1031661,1403664,0,40161,34751,7694,11779,233822,9386200,66192,162846,4784,26769,39423,9291,17478,28830,10593,161142,1704,72769,88373,1704,0,1,4783,1,0,4783,0,4705230,4680970,1697403,3007827,2135585,2545385,n112,false,0.10294733237225516,0.40834798267359884,0,14234,false,501,4,0.395647616894663,0.5891533792028143,null
7706378,9620022,2047245,5564748,94385,1391729,655516,4198550,0,74912,19473,1056721,335008,990053,1031661,1403664,0,40161,34751,7694,11779,233822,9386200,66192,162846,4784,26769,39423,9291,17478,28830,10593,161142,1704,72769,88373,1704,0,1,4783,1,0,4783,0,4705230,4680970,1697403,3007827,2135585,2545385,n113,true,0.8596912797549944,0.691971859770808,11,7078,false,502,7,0.4929503034386753,0.6472497122110819,null
7706378,9620022,2047245,5564748,94385,1391729,655516,4198550,0,74912,19473,1056721,335008,990053,1031661,1403664,0,40161,34751,7694,11779,233822,9386200,66192,162846,4784,26769,39423,9291,17478,28830,10593,161142,1704,72769,88373,1704,0,1,4783,1,0,4783,0,4705230,4680970,1697403,3007827,2135585,2545385,n114,false,0.271203370842304,0.5933455374211352,0,14371,false,502,5,0.5688326549002459,0.2756575275402212,null
7706378,9620022,2047245,5564748,94385,1391729,655516,4198550,0,74912,19473,1056721,335008,990053,1031661,1403664,0,40161,34751,7694,11779,233822,9386200,66192,162846,4784,26769,39423,9291,17478,28830,10593,161142,1704,72769,88373,1704,0,1,4783,1,0,4783,0,4705230,4680970,1697403,3007827,2135585,2545385,n115,false,0.6167653512680287,0.3888643439595747,0,527,false,505,11,0.8846642058732026,0.5237067581714819,null
7706378,9620022,2047245,5564748,94385,1391729,655516,4198550,0,74912,19473,1056721,335008,990053,1031661,1403664,0,40161,34751,7694,11779,233822,9386200,66192,162846,4784,26769,39423,9291,17478,28830,10593,161142,1704,72769,88373,1704,0,1,4783,1,0,4783,0,4705230,4680970,1697403,3007827,2135585,2545385,n117,true,0.5762569759758199,0.7167310756316366,11,28400,false,0,0,0.863532584356759,0.768552444625526,null
7706378,9620022,2047245,5564748,94385,1391729,655516,4198550,0,74912,19473,1056721,335008,990053,1031661,1403664,0,40161,34751,7694,11779,233822,9386200,66192,162846,4784,26769,39423,9291,17478,28830,10593,161142,1704,72769,88373,1704,0,1,4783,1,0,4783,0,4705230,4680970,1697403,3007827,2135585,2545385,n121,true,0.9399353920987846,0.6036293520550661,5,20290,false,501,3,0.1497983521568953,0.7592657863730822,null
7706378,9620022,2047245,5564748,94385,1391729,655516,4198550,0,74912,19473,1056721,335008,990053,1031661,1403664,0,40161,34751,7694,11779,233822,9386200,66192,162846,4784,26769,39423,9291,17478,28830,10593,161142,1704,72769,88373,1704,0,1,4783,1,0,4783,0,4705230,4680970,1697403,3007827,2135585,2545385,n124,false,0.27401422994887,0.6338508720290849,0,11181,false,501,4,0.39767122810870925,0.9101305824456051,null
7706378,9620022,2047245,5564748,94385,1391729,655516,4198550,0,74912,19473,1056721,335008,990053,1031661,1403664,0,40161,34751,7694,11779,233822,9386200,66192,162846,4784,26769,39423,9291,17478,28830,10593,161142,1704,72769,88373,1704,0,1,4783,1,0,4783,0,4705230,4680970,1697403,3007827,2135585,2545385,n127,false,0.33132392335689176,0.9334767532152317,0,2114,false,503,7,0.598427768080452,0.8086141808077997,null
7706378,9620022,2047245,5564748,94385,1391729,655516,4198550,0,74912,19473,1056721,335008,990053,1031661,1403664,0,40161,34751,7694,11779,233822,9386200,66192,162846,4784,26769,39423,9291,17478,28830,10593,161142,1704,72769,88373,1704,0,1,4783,1,0,4783,0,4705230,4680970,1697403,3007827,2135585,2545385,n130,true,0.9579233962545148,0.7382616363824968,9,28400,false,0,0,0.7959584898293577,0.5458505287557109,null
7706378,9620022,2047245,5564748,94385,1391729,655516,4198550,0,74912,19473,1056721,335008,990053,1031661,1403664,0,40161,34751,7694,11779,233822,9386200,66192,162846,4784,26769,39423,9291,17478,28830,10593,161142,1704,72769,88373,1704,0,1,4783,1,0,4783,0,4705230,4680970,1697403,3007827,2135585,2545385,n136,false,0.13913361442171654,0.5939075681502801,0,12320,false,502,5,0.3344253746917968,0.4609477386316378,null
7706378,9620022,2047245,5564748,94385,1391729,655516,4198550,0,74912,19473,1056721,335008,990053,1031661,1403664,0,40161,34751,7694,11779,233822,9386200,66192,162846,4784,26769,39423,9291,17478,28830,10593,161142,1704,72769,88373,1704,0,1,4783,1,0,4783,0,4705230,4680970,1697403,3007827,2135585,2545385,n137,false,0.8497518652269187,0.7246796747413721,0,7545,false,503,8,0.7787183713553759,0.7778141439083079,null
7706378,9620022,2047245,5564748,94385,1391729,655516,4198550,0,74912,19473,1056721,335008,990053,1031661,1403664,0,40161,34751,7694,11779,233822,9386200,66192,162846,4784,26769,39423,9291,17478,28830,10593,161142,1704,72769,88373,1704,0,1,4783,1,0,4783,0,4705230,4680970,1697403,3007827,2135585,2545385,n139,false,0.9061188563053889,0.7335778942691583,0,1417,false,501,3,0.5661933212431788,0.8512187503031523,null
7706378,9620022,2047245,5564748,94385,1391729,655516,4198550,0,74912,19473,1056721,335008,990053,1031661,1403664,0,40161,34751,7694,11779,233822,9386200,66192,162846,4784,26769,39423,9291,17478,28830,10593,161142,1704,72769,88373,1704,0,1,4783,1,0,4783,0,4705230,4680970,1697403,3007827,2135585,2545385,n141,true,0.3915979684171802,0.6781016754125846,11,12533,false,38,11,0.43196456512351344,0.8608105690972766,null
7706378,9620022,2047245,5564748,94385,1391729,655516,4198550,0,74912,19473,1056721,335008,990053,1031661,1403664,0,40161,34751,7694,11779,233822,9386200,66192,162846,4784,26769,39423,9291,17478,28830,10593,161142,1704,72769,88373,1704,0,1,4783,1,0,4783,0,4705230,4680970,1697403,3007827,2135585,2545385,n148,false,0.6214130184237374,0.6152142051220261,0,22275,false,501,3,0.9651445960508905,0.6299370951628419,null
7706378,9620022,2047245,5564748,94385,1391729,655516,4198550,0,74912,19473,1056721,335008,990053,1031661,1403664,0,40161,34751,7694,11779,233822,9386200,66192,162846,4784,26769,39423,9291,17478,28830,10593,161142,1704,72769,88373,1704,0,1,4783,1,0,4783,0,4705230,4680970,1697403,3007827,2135585,2545385,n150,false,0.2006130357639349,0.7131649234345382,0,18578,false,500,2,0.9404931917302273,0.7035212465165157,null
7706378,9620022,2047245,5564748,94385,1391729,655516,4198550,0,74912,19473,1056721,335008,990053,1031661,1403664,0,40161,34751,7694,11779,233822,9386200,66192,162846,4784,26769,39423,9291,17478,28830,10593,161142,1704,72769,88373,1704,0,1,4783,1,0,4783,0,4705230,4680970,1697403,3007827,2135585,2545385,n151,false,0.42336521910614755,0.868087879135263,0,1565,false,502,4,0.7909549863827744,0.4226321701482397,null
7706378,9620022,2047245,5564748,94385,1391729,655516,4198550,0,74912,19473,1056721,335008,990053,1031661,1403664,0,40161,34751,7694,11779,233822,9386200,66192,162846,4784,26769,39423,9291,17478,28830,10593,161142,1704,72769,88373,1704,0,1,4783,1,0,4783,0,4705230,4680970,1697403,3007827,2135585,2545385,n153,false,0.468110583844017,0.6336238190059695,0,1960,false,502,6,0.025628627299344453,0.42343227646712445,null
7706378,9620022,2047245,5564748,94385,1391729,655516,4198550,0,74912,19473,1056721,335008,990053,1031661,1403664,0,40161,34751,7694,11779,233822,9386200,66192,162846,4784,26769,39423,9291,17478,28830,10593,161142,1704,72769,88373,1704,0,1,4783,1,0,4783,0,4705230,4680970,1697403,3007827,2135585,2545385,n154,true,0.021226288279337306,0.9706319061825381,11,10964,false,0,1,0.7166176687815751,0.9811283071950951,null
7706378,9620022,2047245,5564748,94385,1391729,655516,4198550,0,74912,19473,1056721,335008,990053,1031661,1403664,0,40161,34751,7694,11779,233822,9386200,66192,162846,4784,26769,39423,9291,17478,28830,10593,161142,1704,72769,88373,1704,0,1,4783,1,0,4783,0,4705230,4680970,1697403,3007827,2135585,2545385,n157,false,0.542755299675643,0.595932966176092,0,907,false,501,4,0.7033557246743999,0.7510697078820116,null
7706378,9620022,2047245,5564748,94385,1391729,655516,4198550,0,74912,19473,1056721,335008,990053,1031661,1403664,0,40161,34751,7694,11779,233822,9386200,66192,162846,4784,26769,39423,9291,17478,28830,10593,161142,1704,72769,88373,1704,0,1,4783,1,0,4783,0,4705230,4680970,1697403,3007827,2135585,2545385,n158,true,0.41609382253110344,0.7645508254541954,11,28400,false,0,0,0.7162644704045361,0.8835703650000867,null
7706378,9620022,2047245,5564748,94385,1391729,655516,4198550,0,74912,19473,1056721,335008,990053,1031661,1403664,0,40161,34751,7694,11779,233822,9386200,66192,162846,4784,26769,39423,9291,17478,28830,10593,161142,1704,72769,88373,1704,0,1,4783,1,0,4783,0,4705230,4680970,1697403,3007827,2135585,2545385,n161,false,0.6063792303122648,0.47226567897086125,0,1175,false,502,5,0.1316710752103265,0.9050095587403939,null
7706378,9620022,2047245,5564748,94385,1391729,655516,4198550,0,74912,19473,1056721,335008,990053,1031661,1403664,0,40161,34751,7694,11779,233822,9386200,66192,162846,4784,26769,39423,9291,17478,28830,10593,161142,1704,72769,88373,1704,0,1,4783,1,0,4783,0,4705230,4680970,1697403,3007827,2135585,2545385,n163,true,0.11049384356712126,0.7489135928971173,12,7860,false,501,3,0.2140690776486167,0.15869644037489644,null
7706378,9620022,2047245,5564748,94385,1391729,655516,4198550,0,74912,19473,1056721,335008,990053,1031661,1403664,0,40161,34751,7694,11779,233822,9386200,66192,162846,4784,26769,39423,9291,17478,28830,10593,161142,1704,72769,88373,1704,0,1,4783,1,0,4783,0,4705230,4680970,1697403,3007827,2135585,2545385,n167,true,0.2642255941686377,0.7375754386740828,11,2794,false,0,1,0.6192302946389512,0.6238976391553575,null
7706378,9620022,2047245,5564748,94385,1391729,655516,4198550,0,74912,19473,1056721,335008,990053,1031661,1403664,0,40161,34751,7694,11779,233822,9386200,66192,162846,4784,26769,39423,9291,17478,28830,10593,161142,1704,72769,88373,1704,0,1,4783,1,0,4783,0,4705230,4680970,1697403,3007827,2135585,2545385,n168,false,0.9999976395621543,0.6088493408210847,0,8756,false,501,3,0.46741760078626593,0.5194599134568705,null
7706378,9620022,2047245,5564748,94385,1391729,655516,4198550,0,74912,19473,1056721,335008,990053,1031661,1403664,0,40161,34751,7694,11779,233822,9386200,66192,162846,4784,26769,39423,9291,17478,28830,10593,161142,1704,72769,88373,1704,0,1,4783,1,0,4783,0,4705230,4680970,1697403,3007827,2135585,2545385,n170,false,0.5983236143080122,0.7177189936837826,0,2323,false,501,4,0.8126986984193354,0.9111360767679508,null
7706378,9620022,2047245,5564748,94385,1391729,655516,4198550,0,74912,19473,1056721,335008,990053,1031661,1403664,0,40161,34751,7694,11779,233822,9386200,66192,162846,4784,26769,39423,9291,17478,28830,10593,161142,1704,72769,88373,1704,0,1,4783,1,0,4783,0,4705230,4680970,1697403,3007827,2135585,2545385,n172,true,0.9999995283627505,0.9315584112436645,10,16576,false,500,3,0.261493446183713,0.8071011366034051,null
7706378,9620022,2047245,5564748,94385,1391729,655516,4198550,0,74912,19473,1056721,335008,990053,1031661,1403664,0,40161,34751,7694,11779,233822,9386200,66192,162846,4784,26769,39423,9291,17478,28830,10593,161142,1704,72769,88373,1704,0,1,4783,1,0,4783,0,4705230,4680970,1697403,3007827,2135585,2545385,n174,false,0.15932034260886704,0.5573829530321894,0,11817,false,501,3,0.4349774000994868,0.7954005562218402,null
7706378,9620022,2047245,5564748,94385,1391729,655516,4198550,0,74912,19473,1056721,335008,990053,1031661,1403664,0,40161,34751,7694,11779,233822,9386200,66192,162846,4784,26769,39423,9291,17478,28830,10593,161142,1704,72769,88373,1704,0,1,4783,1,0,4783,0,4705230,4680970,1697403,3007827,2135585,2545385,n176,true,0.7078244646367784,0.7503582318946748,13,28400,false,0,0,0.9957121331025487,0.8117237950892882,null
7706378,9620022,2047245,5564748,94385,1391729,655516,4198550,0,74912,19473,1056721,335008,990053,1031661,1403664,0,40161,34751,7694,11779,233822,9386200,66192,162846,4784,26769,39423,9291,17478,28830,10593,161142,1704,72769,88373,1704,0,1,4783,1,0,4783,0,4705230,4680970,1697403,3007827,2135585,2545385,n178,true,0.7763056891445658,0.540409132455768,15,4427,false,501,5,0.6344599719639775,0.9109360853305051,null
7706378,9620022,2047245,5564748,94385,1391729,655516,4198550,0,74912,19473,1056721,335008,990053,1031661,1403664,0,40161,34751,7694,11779,233822,9386200,66192,162846,4784,26769,39423,9291,17478,28830,10593,161142,1704,72769,88373,1704,0,1,4783,1,0,4783,0,4705230,4680970,1697403,3007827,2135585,2545385,n183,true,0.12226199986046164,0.6997947466643422,10,8969,false,0,1,0.5753104580692182,0.2667815776694297,null
7706378,9620022,2047245,5564748,94385,1391729,655516,4198550,0,74912,19473,1056721,335008,990053,1031661,1403664,0,40161,34751,7694,11779,233822,9386200,66192,162846,4784,26769,39423,9291,17478,28830,10593,161142,1704,72769,88373,1704,0,1,4783,1,0,4783,0,4705230,4680970,1697403,3007827,2135585,2545385,n186,false,0.18537049388719326,0.801810552382351,0,249,true,249,1,0.6914646955048919,0.8676621105005713,null
7706378,9620022,2047245,5564748,94385,1391729,655516,4198550,0,74912,19473,1056721,335008,990053,1031661,1403664,0,40161,34751,7694,11779,233822,9386200,66192,162846,4784,26769,39423,9291,17478,28830,10593,161142,1704,72769,88373,1704,0,1,4783,1,0,4783,0,4705230,4680970,1697403,3007827,2135585,2545385,n187,true,0.8122581623679288,0.7299725820402092,11,28400,false,0,0,0.9435075854724065,0.996479824120139,null
7706378,9620022,2047245,5564748,94385,1391729,655516,4198550,0,74912,19473,1056721,335008,990053,1031661,1403664,0,40161,34751,7694,11779,233822,9386200,66192,162846,4784,26769,39423,9291,17478,28830,10593,161142,1704,72769,88373,1704,0,1,4783,1,0,4783,0,4705230,4680970,1697403,3007827,2135585,2545385,n192,true,0.08344712353831919,0.795564820313654,10,2195,false,10,2,0.4194008206841798,0.15705770993806306,null
7706378,9620022,2047245,5564748,94385,1391729,655516,4198550,0,74912,19473,1056721,335008,990053,1031661,1403664,0,40161,34751,7694,11779,233822,9386200,66192,162846,4784,26769,39423,9291,17478,28830,10593,161142,1704,72769,88373,1704,0,1,4783,1,0,4783,0,4705230,4680970,1697403,3007827,2135585,2545385,n195,false,0.3401081566287286,0.6506248331743213,0,2274,false,504,9,0.767920293123665,0.661759117331954,null
7706378,9620022,2047245,5564748,94385,1391729,655516,4198550,0,74912,19473,1056721,335008,990053,1031661,1403664,0,40161,34751,7694,11779,233822,9386200,66192,162846,4784,26769,39423,9291,17478,28830,10593,161142,1704,72769,88373,1704,0,1,4783,1,0,4783,0,4705230,4680970,1697403,3007827,2135585,2545385,n197,false,0.27412883517264774,0.7578298016468364,0,1138,false,501,3,0.2952218585253107,0.6123248704876079,null
7706378,9620022,2047245,5564748,94385,1391729,655516,4198550,0,74912,19473,1056721,335008,990053,1031661,1403664,0,40161,34751,7694,11779,233822,9386200,66192,162846,4784,26769,39423,9291,17478,28830,10593,161142,1704,72769,88373,1704,0,1,4783,1,0,4783,0,4705230,4680970,1697403,3007827,2135585,2545385,n198,false,0.020551385063383387,0.4890071300038665,0,15910,false,500,2,0.3478973685911496,0.7669975215468358,null
7706378,9620022,2047245,5564748,94385,1391729,655516,4198550,0,74912,19473,1056721,335008,990053,1031661,1403664,0,40161,34751,7694,11779,233822,9386200,66192,162846,4784,26769,39423,9291,17478,28830,10593,161142,1704,72769,88373,1704,0,1,4783,1,0,4783,0,4705230,4680970,1697403,3007827,2135585,2545385,n200,false,0.6975738542141438,0.6023083280304857,0,8979,false,501,3,0.6279930827862918,0.43390604704034935,null
7706378,9620022,2047245,5564748,94385,1391729,655516,4198550,0,74912,19473,1056721,335008,990053,1031661,1403664,0,40161,34751,7694,11779,233822,9386200,66192,162846,4784,26769,39423,9291,17478,28830,10593,161142,1704,72769,88373,1704,0,1,4783,1,0,4783,0,4705230,4680970,1697403,3007827,2135585,2545385,n202,true,0.40798408299889133,0.7796295084132034,11,28400,false,0,0,0.40464591648254783,0.8071594740462449,null
7706378,9620022,2047245,5564748,94385,1391729,655516,4198550,0,74912,19473,1056721,335008,990053,1031661,1403664,0,40161,34751,7694,11779,233822,9386200,66192,162846,4784,26769,39423,9291,17478,28830,10593,161142,1704,72769,88373,1704,0,1,4783,1,0,4783,0,4705230,4680970,1697403,3007827,2135585,2545385,n205,false,0.5617542618502316,0.571624199551256,0,2403,false,503,8,0.28516408361563944,0.5656072576613492,null
7706378,9620022,2047245,5564748,94385,1391729,655516,4198550,0,74912,19473,1056721,335008,990053,1031661,1403664,0,40161,34751,7694,11779,233822,9386200,66192,162846,4784,26769,39423,9291,17478,28830,10593,161142,1704,72769,88373,1704,0,1,4783,1,0,4783,0,4705230,4680970,1697403,3007827,2135585,2545385,n207,false,0.3078162109546814,0.5943895408776785,0,4824,false,501,4,0.463160793970215,0.34576316662700657,null
7706378,9620022,2047245,5564748,94385,1391729,655516,4198550,0,74912,19473,1056721,335008,990053,1031661,1403664,0,40161,34751,7694,11779,233822,9386200,66192,162846,4784,26769,39423,9291,17478,28830,10593,161142,1704,72769,88373,1704,0,1,4783,1,0,4783,0,4705230,4680970,1697403,3007827,2135585,2545385,n209,true,0.0805490244037594,0.7883799733633858,11,25460,false,0,1,0.18215657338581842,0.7979024316103456,null
7706378,9620022,2047245,5564748,94385,1391729,655516,4198550,0,74912,19473,1056721,335008,990053,1031661,1403664,0,40161,34751,7694,11779,233822,9386200,66192,162846,4784,26769,39423,9291,17478,28830,10593,161142,1704,72769,88373,1704,0,1,4783,1,0,4783,0,4705230,4680970,1697403,3007827,2135585,2545385,n212,false,0.5473787378544773,0.4996179180729481,0,24685,false,501,2,0.4421610701477784,0.45666288107939224,null
7706378,9620022,2047245,5564748,94385,1391729,655516,4198550,0,74912,19473,1056721,335008,990053,1031661,1403664,0,40161,34751,7694,11779,233822,9386200,66192,162846,4784,26769,39423,9291,17478,28830,10593,161142,1704,72769,88373,1704,0,1,4783,1,0,4783,0,4705230,4680970,1697403,3007827,2135585,2545385,n213,false,0.06854424718265346,0.7272096045431524,0,13407,false,501,4,0.3167115244812542,0.46801843104195817,null
7706378,9620022,2047245,5564748,94385,1391729,655516,4198550,0,74912,19473,1056721,335008,990053,1031661,1403664,0,40161,34751,7694,11779,233822,9386200,66192,162846,4784,26769,39423,9291,17478,28830,10593,161142,1704,72769,88373,1704,0,1,4783,1,0,4783,0,4705230,4680970,1697403,3007827,2135585,2545385,n214,true,0.5818058390119357,0.995327637240273,14,28400,false,0,0,0.5680709202144114,0.5782064854281296,null
7706378,9620022,2047245,5564748,94385,1391729,655516,4198550,0,74912,19473,1056721,335008,990053,1031661,1403664,0,40161,34751,7694,11779,233822,9386200,66192,162846,4784,26769,39423,9291,17478,28830,10593,161142,1704,72769,88373,1704,0,1,4783,1,0,4783,0,4705230,4680970,1697403,3007827,2135585,2545385,n221,true,0.5016603784913614,0.6910428824507778,13,605,false,502,8,0.47018706790290127,0.7147341521778727,null
7706378,9620022,2047245,5564748,94385,1391729,655516,4198550,0,74912,19473,1056721,335008,990053,1031661,1403664,0,40161,34751,7694,11779,233822,9386200,66192,162846,4784,26769,39423,9291,17478,28830,10593,161142,1704,72769,88373,1704,0,1,4783,1,0,4783,0,4705230,4680970,1697403,3007827,2135585,2545385,n223,false,0.9999955525484877,0.5287369548935528,0,1436,false,501,3,0.4896185430966292,0.8926495491722207,null
7706378,9620022,2047245,5564748,94385,1391729,655516,4198550,0,74912,19473,1056721,335008,990053,1031661,1403664,0,40161,34751,7694,11779,233822,9386200,66192,162846,4784,26769,39423,9291,17478,28830,10593,161142,1704,72769,88373,1704,0,1,4783,1,0,4783,0,4705230,4680970,1697403,3007827,2135585,2545385,n224,true,0.6740797368007903,0.5396115717579084,8,7726,false,501,4,0.2625327684801415,0.5849121614082887,null
7706378,9620022,2047245,5564748,94385,1391729,655516,4198550,0,74912,19473,1056721,335008,990053,1031661,1403664,0,40161,34751,7694,11779,233822,9386200,66192,162846,4784,26769,39423,9291,17478,28830,10593,161142,1704,72769,88373,1704,0,1,4783,1,0,4783,0,4705230,4680970,1697403,3007827,2135585,2545385,n225,true,0.31983499069841437,0.6124868021673884,5,8,false,175,47,0.22945813495872752,0.9757748446350221,null
7706378,9620022,2047245,5564748,94385,1391729,655516,4198550,0,74912,19473,1056721,335008,990053,1031661,1403664,0,40161,34751,7694,11779,233822,9386200,66192,162846,4784,26769,39423,9291,17478,28830,10593,161142,1704,72769,88373,1704,0,1,4783,1,0,4783,0,4705230,4680970,1697403,3007827,2135585,2545385,n227,true,0.6858244329047198,0.7896774116219453,8,28400,false,0,0,0.5890693253033549,0.627611914809818,null
7706378,9620022,2047245,5564748,94385,1391729,655516,4198550,0,74912,19473,1056721,335008,990053,1031661,1403664,0,40161,34751,7694,11779,233822,9386200,66192,162846,4784,26769,39423,9291,17478,28830,10593,161142,1704,72769,88373,1704,0,1,4783,1,0,4783,0,4705230,4680970,1697403,3007827,2135585,2545385,n231,true,0.8953676874370583,0.9050642525170385,11,17880,false,500,3,0.4529939738000774,0.38190564961263385,null
7706378,9620022,2047245,5564748,94385,1391729,655516,4198550,0,74912,19473,1056721,335008,990053,1031661,1403664,0,40161,34751,7694,11779,233822,9386200,66192,162846,4784,26769,39423,9291,17478,28830,10593,161142,1704,72769,88373,1704,0,1,4783,1,0,4783,0,4705230,4680970,1697403,3007827,2135585,2545385,n232,true,0.6271240543022671,0.5435993214132495,6,8144,false,0,1,0.4021808997619318,0.5073988640904806,null
7706378,9620022,2047245,5564748,94385,1391729,655516,4198550,0,74912,19473,1056721,335008,990053,1031661,1403664,0,40161,34751,7694,11779,233822,9386200,66192,162846,4784,26769,39423,9291,17478,28830,10593,161142,1704,72769,88373,1704,0,1,4783,1,0,4783,0,4705230,4680970,1697403,3007827,2135585,2545385,n236,false,0.4293728155953434,0.38396579246806417,0,880,false,502,6,0.06806374590669867,0.3602979664907451,null
7706378,9620022,2047245,5564748,94385,1391729,655516,4198550,0,74912,19473,1056721,335008,990053,1031661,1403664,0,40161,34751,7694,11779,233822,9386200,66192,162846,4784,26769,39423,9291,17478,28830,10593,161142,1704,72769,88373,1704,0,1,4783,1,0,4783,0,4705230,4680970,1697403,3007827,2135585,2545385,n240,false,0.9999965019035666,0.8526409944401955,0,9232,false,505,11,0.36281939132043617,0.6030613056562107,null
7706378,9620022,2047245,5564748,94385,1391729,655516,4198550,0,74912,19473,1056721,335008,990053,1031661,1403664,0,40161,34751,7694,11779,233822,9386200,66192,162846,4784,26769,39423,9291,17478,28830,10593,161142,1704,72769,88373,1704,0,1,4783,1,0,4783,0,4705230,4680970,1697403,3007827,2135585,2545385,n242,true,0.5688838878813901,0.6361630201016543,14,12446,false,15,8,0.4769598650307638,0.2523504264099077,null
7706378,9620022,2047245,5564748,94385,1391729,655516,4198550,0,74912,19473,1056721,335008,990053,1031661,1403664,0,40161,34751,7694,11779,233822,9386200,66192,162846,4784,26769,39423,9291,17478,28830,10593,161142,1704,72769,88373,1704,0,1,4783,1,0,4783,0,4705230,4680970,1697403,3007827,2135585,2545385,n244,false,0.5037963342175388,0.5962337191377807,0,7420,false,502,6,0.5391706996690498,0.6957862544178423,null
7706378,9620022,2047245,5564748,94385,1391729,655516,4198550,0,74912,19473,1056721,335008,990053,1031661,1403664,0,40161,34751,7694,11779,233822,9386200,66192,162846,4784,26769,39423,9291,17478,28830,10593,161142,1704,72769,88373,1704,0,1,4783,1,0,4783,0,4705230,4680970,1697403,3007827,2135585,2545385,n246,false,0.9999978779216255,0.5308132096526339,0,11118,false,502,6,0.3450737915319737,0.5408514262115841,null
7706378,9620022,2047245,5564748,94385,1391729,655516,4198550,0,74912,19473,1056721,335008,990053,1031661,1403664,0,40161,34751,7694,11779,233822,9386200,66192,162846,4784,26769,39423,9291,17478,28830,10593,161142,1704,72769,88373,1704,0,1,4783,1,0,4783,0,4705230,4680970,1697403,3007827,2135585,2545385,n247,true,0.6237048170604098,0.6576163730516773,15,2775,false,504,10,0.965025036416464,0.6938812195351587,null
7706378,9620022,2047245,5564748,94385,1391729,655516,4198550,0,74912,19473,1056721,335008,990053,1031661,1403664,0,40161,34751,7694,11779,233822,9386200,66192,162846,4784,26769,39423,9291,17478,28830,10593,161142,1704,72769,88373,1704,0,1,4783,1,0,4783,0,4705230,4680970,1697403,3007827,2135585,2545385,n250,false,0.18792151234917856,0.6634008959898412,0,2339,false,504,12,0.1587482167829723,0.3395673089837816,null
7706378,9620022,2047245,5564748,94385,1391729,655516,4198550,0,74912,19473,1056721,335008,990053,1031661,1403664,0,40161,34751,7694,11779,233822,9386200,66192,162846,4784,26769,39423,9291,17478,28830,10593,161142,1704,72769,88373,1704,0,1,4783,1,0,4783,0,4705230,4680970,1697403,3007827,2135585,2545385,n254,false,0.36480917554550335,0.5794189470826695,0,4961,false,504,8,0.5655834234255578,0.3783375348860447,null
7706378,9620022,2047245,5564748,94385,1391729,655516,4198550,0,74912,19473,1056721,335008,990053,1031661,1403664,0,40161,34751,7694,11779,233822,9386200,66192,162846,4784,26769,39423,9291,17478,28830,10593,161142,1704,72769,88373,1704,0,1,4783,1,0,4783,0,4705230,4680970,1697403,3007827,2135585,2545385,n255,true,0.12357731022841832,0.5301155513921446,7,2754,false,501,4,0.7011034624275012,0.7848850197915525,null
7706378,9620022,2047245,5564748,94385,1391729,655516,4198550,0,74912,19473,1056721,335008,990053,1031661,1403664,0,40161,34751,7694,11779,233822,9386200,66192,162846,4784,26769,39423,9291,17478,28830,10593,161142,1704,72769,88373,1704,0,1,4783,1,0,4783,0,4705230,4680970,1697403,3007827,2135585,2545385,n256,false,0.05262146424394217,0.4161437474214315,0,3565,false,503,7,0.727854367258614,0.788088845537155,null
7706378,9620022,2047245,5564748,94385,1391729,655516,4198550,0,74912,19473,1056721,335008,990053,1031661,1403664,0,40161,34751,7694,11779,233822,9386200,66192,162846,4784,26769,39423,9291,17478,28830,10593,161142,1704,72769,88373,1704,0,1,4783,1,0,4783,0,4705230,4680970,1697403,3007827,2135585,2545385,n261,false,0.25620779797025944,0.698104548986913,0,203,true,232,3,0.945734526325325,0.14614461731947392,null
7706378,9620022,2047245,5564748,94385,1391729,655516,4198550,0,74912,19473,1056721,335008,990053,1031661,1403664,0,40161,34751,7694,11779,233822,9386200,66192,162846,4784,26769,39423,9291,17478,28830,10593,161142,1704,72769,88373,1704,0,1,4783,1,0,4783,0,4705230,4680970,1697403,3007827,2135585,2545385,n266,true,0.7697322038217213,0.959338157481257,11,16649,false,0,1,0.9045230536450523,0.6649659142847693,null
7706378,9620022,2047245,5564748,94385,1391729,655516,4198550,0,74912,19473,1056721,335008,990053,1031661,1403664,0,40161,34751,7694,11779,233822,9386200,66192,162846,4784,26769,39423,9291,17478,28830,10593,161142,1704,72769,88373,1704,0,1,4783,1,0,4783,0,4705230,4680970,1697403,3007827,2135585,2545385,n267,false,0.23978357269080805,0.5922577640676502,0,10380,false,504,9,0.6315056619344931,0.2858134242182867,null
7706378,9620022,2047245,5564748,94385,1391729,655516,4198550,0,74912,19473,1056721,335008,990053,1031661,1403664,0,40161,34751,7694,11779,233822,9386200,66192,162846,4784,26769,39423,9291,17478,28830,10593,161142,1704,72769,88373,1704,0,1,4783,1,0,4783,0,4705230,4680970,1697403,3007827,2135585,2545385,n273,false,0.46610704134264674,0.8826869090512035,0,22823,false,501,4,0.34419848249222684,0.7925193632313947,null
7706378,9620022,2047245,5564748,94385,1391729,655516,4198550,0,74912,19473,1056721,335008,990053,1031661,1403664,0,40161,34751,7694,11779,233822,9386200,66192,162846,4784,26769,39423,9291,17478,28830,10593,161142,1704,72769,88373,1704,0,1,4783,1,0,4783,0,4705230,4680970,1697403,3007827,2135585,2545385,n274,false,0.5285768951709602,0.7685404778219884,0,25957,false,500,1,0.2156739952399951,0.7055876013285065,null
7706378,9620022,2047245,5564748,94385,1391729,655516,4198550,0,74912,19473,1056721,335008,990053,1031661,1403664,0,40161,34751,7694,11779,233822,9386200,66192,162846,4784,26769,39423,9291,17478,28830,10593,161142,1704,72769,88373,1704,0,1,4783,1,0,4783,0,4705230,4680970,1697403,3007827,2135585,2545385,n275,false,0.6051037913319577,0.562392135157726,0,4154,false,501,2,0.13277611537062017,0.9628014497612124,null
7706378,9620022,2047245,5564748,94385,1391729,655516,4198550,0,74912,19473,1056721,335008,990053,1031661,1403664,0,40161,34751,7694,11779,233822,9386200,66192,162846,4784,26769,39423,9291,17478,28830,10593,161142,1704,72769,88373,1704,0,1,4783,1,0,4783,0,4705230,4680970,1697403,3007827,2135585,2545385,n276,false,0.4469820836334517,0.8338031149395346,0,1229,false,503,7,0.7413042541696848,0.4658740743927722,null
7706378,9620022,2047245,5564748,94385,1391729,655516,4198550,0,74912,19473,1056721,335008,990053,1031661,1403664,0,40161,34751,7694,11779,233822,9386200,66192,162846,4784,26769,39423,9291,17478,28830,10593,161142,1704,72769,88373,1704,0,1,4783,1,0,4783,0,4705230,4680970,1697403,3007827,2135585,2545385,n278,true,0.07020838841171391,0.48588110173202276,4,5060,false,506,13,0.4494597952686611,0.19242134630556185,null
7706378,9620022,2047245,5564748,94385,1391729,655516,4198550,0,74912,19473,1056721,335008,990053,1031661,1403664,0,40161,34751,7694,11779,233822,9386200,66192,162846,4784,26769,39423,9291,17478,28830,10593,161142,1704,72769,88373,1704,0,1,4783,1,0,4783,0,4705230,4680970,1697403,3007827,2135585,2545385,n279,false,0.9065037749942805,0.7688647347118855,0,9727,false,502,6,0.183842715616215,0.4102871748950908,null
7706378,9620022,2047245,5564748,94385,1391729,655516,4198550,0,74912,19473,1056721,335008,990053,1031661,1403664,0,40161,34751,7694,11779,233822,9386200,66192,162846,4784,26769,39423,9291,17478,28830,10593,161142,1704,72769,88373,1704,0,1,4783,1,0,4783,0,4705230,4680970,1697403,3007827,2135585,2545385,n283,false,0.5607942009353618,0.450726580891438,0,6593,false,503,8,0.780456243568221,0.7846781651017639,null
7706378,9620022,2047245,5564748,94385,1391729,655516,4198550,0,74912,19473,1056721,335008,990053,1031661,1403664,0,40161,34751,7694,11779,233822,9386200,66192,162846,4784,26769,39423,9291,17478,28830,10593,161142,1704,72769,88373,1704,0,1,4783,1,0,4783,0,4705230,4680970,1697403,3007827,2135585,2545385,n287,true,0.6951453135182136,0.5331199352011853,6,6906,false,502,6,0.5588548837466345,0.6053854003899061,null
7706378,9620022,2047245,5564748,94385,1391729,655516,4198550,0,74912,19473,1056721,335008,990053,1031661,1403664,0,40161,34751,7694,11779,233822,9386200,66192,162846,4784,26769,39423,9291,17478,28830,10593,161142,1704,72769,88373,1704,0,1,4783,1,0,4783,0,4705230,4680970,1697403,3007827,2135585,2545385,n289,false,0.20917502941213612,0.846114532927343,0,28399,false,500,1,0.39408663982984365,0.269046345004881,null
7706378,9620022,2047245,5564748,94385,1391729,655516,4198550,0,74912,19473,1056721,335008,990053,1031661,1403664,0,40161,34751,7694,11779,233822,9386200,66192,162846,4784,26769,39423,9291,17478,28830,10593,161142,1704,72769,88373,1704,0,1,4783,1,0,4783,0,4705230,4680970,1697403,3007827,2135585,2545385,n290,false,0.22802307262237625,0.5655229474433465,0,8146,false,502,4,0.09066755739106247,0.9616216583436319,null
7706378,9620022,2047245,5564748,94385,1391729,655516,4198550,0,74912,19473,1056721,335008,990053,1031661,1403664,0,40161,34751,7694,11779,233822,9386200,66192,162846,4784,26769,39423,9291,17478,28830,10593,161142,1704,72769,88373,1704,0,1,4783,1,0,4783,0,4705230,4680970,1697403,3007827,2135585,2545385,n291,false,0.08695446701694302,0.8319703408322697,0,3123,false,507,15,0.5206758150249008,0.39327544936389913,null
7706378,9620022,2047245,5564748,94385,1391729,655516,4198550,0,74912,19473,1056721,335008,990053,1031661,1403664,0,40161,34751,7694,11779,233822,9386200,66192,162846,4784,26769,39423,9291,17478,28830,10593,161142,1704,72769,88373,1704,0,1,4783,1,0,4783,0,4705230,4680970,1697403,3007827,2135585,2545385,n295,false,0.9626580302941972,0.6454183031847034,0,24743,false,500,1,0.23294950864550046,0.561385513110991,null
7706378,9620022,2047245,5564748,94385,1391729,655516,4198550,0,74912,19473,1056721,335008,990053,1031661,1403664,0,40161,34751,7694,11779,233822,9386200,66192,162846,4784,26769,39423,9291,17478,28830,10593,161142,1704,72769,88373,1704,0,1,4783,1,0,4783,0,4705230,4680970,1697403,3007827,2135585,2545385,n296,false,0.021972358782445862,0.5924580040128327,0,13589,false,503,8,0.7820749513680019,0.5162290791393496,null
7706378,9620022,2047245,5564748,94385,1391729,655516,4198550,0,74912,19473,1056721,335008,990053,1031661,1403664,0,40161,34751,7694,11779,233822,9386200,66192,162846,4784,26769,39423,9291,17478,28830,10593,161142,1704,72769,88373,1704,0,1,4783,1,0,4783,0,4705230,4680970,1697403,3007827,2135585,2545385,n297,true,0.9994709187030134,0.5298737025377699,15,13364,false,500,3,0.03676210114308193,0.8747297387271331,null
7706378,9620022,2047245,5564748,94385,1391729,655516,4198550,0,74912,19473,1056721,335008,990053,1031661,1403664,0,40161,34751,7694,11779,233822,9386200,66192,162846,4784,26769,39423,9291,17478,28830,10593,161142,1704,72769,88373,1704,0,1,4783,1,0,4783,0,4705230,4680970,1697403,3007827,2135585,2545385,n298,false,0.08724949579318718,0.752014927638804,0,1250,false,503,7,0.3703565208530286,0.865860628078848,null
7706378,9620022,2047245,5564748,94385,1391729,655516,4198550,0,74912,19473,1056721,335008,990053,1031661,1403664,0,40161,34751,7694,11779,233822,9386200,66192,162846,4784,26769,39423,9291,17478,28830,10593,161142,1704,72769,88373,1704,0,1,4783,1,0,4783,0,4705230,4680970,1697403,3007827,2135585,2545385,n303,false,0.9999992225946054,0.6516628179752664,0,160,false,503,8,0.4407637917839315,0.9294349803125972,null
7706378,9620022,2047245,5564748,94385,1391729,655516,4198550,0,74912,19473,1056721,335008,990053,1031661,1403664,0,40161,34751,7694,11779,233822,9386200,66192,162846,4784,26769,39423,9291,17478,28830,10593,161142,1704,72769,88373,1704,0,1,4783,1,0,4783,0,4705230,4680970,1697403,3007827,2135585,2545385,n307,true,0.7326565857512293,0.3932790360621328,12,450,false,502,7,0.739234984614906,0.6609815375068789,null
7706378,9620022,2047245,5564748,94385,1391729,655516,4198550,0,74912,19473,1056721,335008,990053,1031661,1403664,0,40161,34751,7694,11779,233822,9386200,66192,162846,4784,26769,39423,9291,17478,28830,10593,161142,1704,72769,88373,1704,0,1,4783,1,0,4783,0,4705230,4680970,1697403,3007827,2135585,2545385,n311,true,0.4452309449984916,0.9133639639773894,11,25209,false,0,1,0.7002130698787379,0.7397362978758772,null
7706378,9620022,2047245,5564748,94385,1391729,655516,4198550,0,74912,19473,1056721,335008,990053,1031661,1403664,0,40161,34751,7694,11779,233822,9386200,66192,162846,4784,26769,39423,9291,17478,28830,10593,161142,1704,72769,88373,1704,0,1,4783,1,0,4783,0,4705230,4680970,1697403,3007827,2135585,2545385,n312,false,0.07521075893787581,0.678390923781159,0,19337,false,504,9,0.657358225520886,0.5773371047649191,null
7706378,9620022,2047245,5564748,94385,1391729,655516,4198550,0,74912,19473,1056721,335008,990053,1031661,1403664,0,40161,34751,7694,11779,233822,9386200,66192,162846,4784,26769,39423,9291,17478,28830,10593,161142,1704,72769,88373,1704,0,1,4783,1,0,4783,0,4705230,4680970,1697403,3007827,2135585,2545385,n315,true,0.15175063584497842,0.9456063978248889,11,21021,false,0,1,0.12302848716406595,0.653271628349095,null
7706378,9620022,2047245,5564748,94385,1391729,655516,4198550,0,74912,19473,1056721,335008,990053,1031661,1403664,0,40161,34751,7694,11779,233822,9386200,66192,162846,4784,26769,39423,9291,17478,28830,10593,161142,1704,72769,88373,1704,0,1,4783,1,0,4783,0,4705230,4680970,1697403,3007827,2135585,2545385,n319,false,0.42120297393124734,0.7083825610144212,0,2328,false,505,12,0.39115814077571165,0.8581224301094004,null
7706378,9620022,2047245,5564748,94385,1391729,655516,4198550,0,74912,19473,1056721,335008,990053,1031661,1403664,0,40161,34751,7694,11779,233822,9386200,66192,162846,4784,26769,39423,9291,17478,28830,10593,161142,1704,72769,88373,1704,0,1,4783,1,0,4783,0,4705230,4680970,1697403,3007827,2135585,2545385,n322,true,0.17921118621256232,0.8990299340568311,11,15384,false,0,1,0.008806342633513653,0.7737546257680542,null
7706378,9620022,2047245,5564748,94385,1391729,655516,4198550,0,74912,19473,1056721,335008,990053,1031661,1403664,0,40161,34751,7694,11779,233822,9386200,66192,162846,4784,26769,39423,9291,17478,28830,10593,161142,1704,72769,88373,1704,0,1,4783,1,0,4783,0,4705230,4680970,1697403,3007827,2135585,2545385,n323,false,0.8824953496623713,0.4909576023895596,0,24128,false,500,2,0.5175647152534532,0.9612104030901678,null
7706378,9620022,2047245,5564748,94385,1391729,655516,4198550,0,74912,19473,1056721,335008,990053,1031661,1403664,0,40161,34751,7694,11779,233822,9386200,66192,162846,4784,26769,39423,9291,17478,28830,10593,161142,1704,72769,88373,1704,0,1,4783,1,0,4783,0,4705230,4680970,1697403,3007827,2135585,2545385,n328,false,0.5761506374833338,0.46833253568734123,0,22771,false,500,1,0.5107648450418514,0.9873021601539053,null
7706378,9620022,2047245,5564748,94385,1391729,655516,4198550,0,74912,19473,1056721,335008,990053,1031661,1403664,0,40161,34751,7694,11779,233822,9386200,66192,162846,4784,26769,39423,9291,17478,28830,10593,161142,1704,72769,88373,1704,0,1,4783,1,0,4783,0,4705230,4680970,1697403,3007827,2135585,2545385,n330,false,0.5487092467903641,0.5594476565784882,0,14928,false,501,4,0.03008456100742829,0.7393944226131263,null
7706378,9620022,2047245,5564748,94385,1391729,655516,4198550,0,74912,19473,1056721,335008,990053,1031661,1403664,0,40161,34751,7694,11779,233822,9386200,66192,162846,4784,26769,39423,9291,17478,28830,10593,161142,1704,72769,88373,1704,0,1,4783,1,0,4783,0,4705230,4680970,1697403,3007827,2135585,2545385,n334,true,0.535331012338912,0.873983048119277,11,27814,false,0,1,0.29331151023406726,0.945055689727362,null
7706378,9620022,2047245,5564748,94385,1391729,655516,4198550,0,74912,19473,1056721,335008,990053,1031661,1403664,0,40161,34751,7694,11779,233822,9386200,66192,162846,4784,26769,39423,9291,17478,28830,10593,161142,1704,72769,88373,1704,0,1,4783,1,0,4783,0,4705230,4680970,1697403,3007827,2135585,2545385,n336,true,0.7028480410645214,0.7519137880499579,10,19456,false,500,1,0.4821586169273337,0.6774344919852218,null
7706378,9620022,2047245,5564748,94385,1391729,655516,4198550,0,74912,19473,1056721,335008,990053,1031661,1403664,0,40161,34751,7694,11779,233822,9386200,66192,162846,4784,26769,39423,9291,17478,28830,10593,161142,1704,72769,88373,1704,0,1,4783,1,0,4783,0,4705230,4680970,1697403,3007827,2135585,2545385,n340,false,0.6448762431562933,0.6077895963277195,0,268,false,501,6,0.44160629495144077,0.710502570956199,null
7706378,9620022,2047245,5564748,94385,1391729,655516,4198550,0,74912,19473,1056721,335008,990053,1031661,1403664,0,40161,34751,7694,11779,233822,9386200,66192,162846,4784,26769,39423,9291,17478,28830,10593,161142,1704,72769,88373,1704,0,1,4783,1,0,4783,0,4705230,4680970,1697403,3007827,2135585,2545385,n342,false,0.9115920780015433,0.6542201326168098,0,6249,false,504,9,0.7933625137102159,0.5917813313127359,null
7706378,9620022,2047245,5564748,94385,1391729,655516,4198550,0,74912,19473,1056721,335008,990053,1031661,1403664,0,40161,34751,7694,11779,233822,9386200,66192,162846,4784,26769,39423,9291,17478,28830,10593,161142,1704,72769,88373,1704,0,1,4783,1,0,4783,0,4705230,4680970,1697403,3007827,2135585,2545385,n346,true,0.8184575360165169,0.9626397696358517,10,12817,false,500,3,0.031045487605653843,0.18465385732483502,null
7706378,9620022,2047245,5564748,94385,1391729,655516,4198550,0,74912,19473,1056721,335008,990053,1031661,1403664,0,40161,34751,7694,11779,233822,9386200,66192,162846,4784,26769,39423,9291,17478,28830,10593,161142,1704,72769,88373,1704,0,1,4783,1,0,4783,0,4705230,4680970,1697403,3007827,2135585,2545385,n347,true,0.14214131855049733,0.7992117418523728,13,28400,false,0,0,0.8478211961945646,0.4238704331501578,null
7706378,9620022,2047245,5564748,94385,1391729,655516,4198550,0,74912,19473,1056721,335008,990053,1031661,1403664,0,40161,34751,7694,11779,233822,9386200,66192,162846,4784,26769,39423,9291,17478,28830,10593,161142,1704,72769,88373,1704,0,1,4783,1,0,4783,0,4705230,4680970,1697403,3007827,2135585,2545385,n350,false,0.5005176902438478,0.7294720222379705,0,1232,false,505,11,0.5004653837328762,0.8561535380715988,null
7706378,9620022,2047245,5564748,94385,1391729,655516,4198550,0,74912,19473,1056721,335008,990053,1031661,1403664,0,40161,34751,7694,11779,233822,9386200,66192,162846,4784,26769,39423,9291,17478,28830,10593,161142,1704,72769,88373,1704,0,1,4783,1,0,4783,0,4705230,4680970,1697403,3007827,2135585,2545385,n351,true,0.39224741901398275,0.904691036616672,12,23987,false,500,3,0.13536365905467113,0.967159802994153,null
7706378,9620022,2047245,5564748,94385,1391729,655516,4198550,0,74912,19473,1056721,335008,990053,1031661,1403664,0,40161,34751,7694,11779,233822,9386200,66192,162846,4784,26769,39423,9291,17478,28830,10593,161142,1704,72769,88373,1704,0,1,4783,1,0,4783,0,4705230,4680970,1697403,3007827,2135585,2545385,n361,false,0.431828635885739,0.6737966548988231,0,16369,false,501,69,0.4407533618060482,0.8800053754391355,null
7706378,9620022,2047245,5564748,94385,1391729,655516,4198550,0,74912,19473,1056721,335008,990053,1031661,1403664,0,40161,34751,7694,11779,233822,9386200,66192,162846,4784,26769,39423,9291,17478,28830,10593,161142,1704,72769,88373,1704,0,1,4783,1,0,4783,0,4705230,4680970,1697403,3007827,2135585,2545385,n363,true,0.04985693801950293,0.5255898259401581,4,7907,false,501,4,0.39389963484522916,0.9360260461656795,null
7706378,9620022,2047245,5564748,94385,1391729,655516,4198550,0,74912,19473,1056721,335008,990053,1031661,1403664,0,40161,34751,7694,11779,233822,9386200,66192,162846,4784,26769,39423,9291,17478,28830,10593,161142,1704,72769,88373,1704,0,1,4783,1,0,4783,0,4705230,4680970,1697403,3007827,2135585,2545385,n367,true,0.5703610768837066,0.8129051166756505,10,2693,false,5,3,0.04422265809902687,0.4055985167976581,null
7706378,9620022,2047245,5564748,94385,1391729,655516,4198550,0,74912,19473,1056721,335008,990053,1031661,1403664,0,40161,34751,7694,11779,233822,9386200,66192,162846,4784,26769,39423,9291,17478,28830,10593,161142,1704,72769,88373,1704,0,1,4783,1,0,4783,0,4705230,4680970,1697403,3007827,2135585,2545385,n371,true,0.2667420401241305,0.8476777053972349,11,28400,false,0,0,0.5686637933203663,0.6548516707600839,null
7706378,9620022,2047245,5564748,94385,1391729,655516,4198550,0,74912,19473,1056721,335008,990053,1031661,1403664,0,40161,34751,7694,11779,233822,9386200,66192,162846,4784,26769,39423,9291,17478,28830,10593,161142,1704,72769,88373,1704,0,1,4783,1,0,4783,0,4705230,4680970,1697403,3007827,2135585,2545385,n372,true,0.7548595553984568,0.7983510348524812,12,21785,false,0,1,0.4755349088779074,0.8300201312969053,null
7706378,9620022,2047245,5564748,94385,1391729,655516,4198550,0,74912,19473,1056721,335008,990053,1031661,1403664,0,40161,34751,7694,11779,233822,9386200,66192,162846,4784,26769,39423,9291,17478,28830,10593,161142,1704,72769,88373,1704,0,1,4783,1,0,4783,0,4705230,4680970,1697403,3007827,2135585,2545385,n373,false,0.999996065422283,0.8119735235643616,0,28400,false,0,0,0.5122104033885687,0.4531288432264805,null
7706378,9620022,2047245,5564748,94385,1391729,655516,4198550,0,74912,19473,1056721,335008,990053,1031661,1403664,0,40161,34751,7694,11779,233822,9386200,66192,162846,4784,26769,39423,9291,17478,28830,10593,161142,1704,72769,88373,1704,0,1,4783,1,0,4783,0,4705230,4680970,1697403,3007827,2135585,2545385,n377,false,0.22701769393838642,0.744514158246841,0,15458,false,502,4,0.6875367197314719,0.7404307214260434,null
7706378,9620022,2047245,5564748,94385,1391729,655516,4198550,0,74912,19473,1056721,335008,990053,1031661,1403664,0,40161,34751,7694,11779,233822,9386200,66192,162846,4784,26769,39423,9291,17478,28830,10593,161142,1704,72769,88373,1704,0,1,4783,1,0,4783,0,4705230,4680970,1697403,3007827,2135585,2545385,n378,true,0.8322723751609828,0.9232498255658972,9,9533,false,500,1,0.43750588231382503,0.9820008046591631,null
7706378,9620022,2047245,5564748,94385,1391729,655516,4198550,0,74912,19473,1056721,335008,990053,1031661,1403664,0,40161,34751,7694,11779,233822,9386200,66192,162846,4784,26769,39423,9291,17478,28830,10593,161142,1704,72769,88373,1704,0,1,4783,1,0,4783,0,4705230,4680970,1697403,3007827,2135585,2545385,n387,true,0.15785240437505005,0.8079335556694368,11,10555,false,0,1,0.3528288190489358,0.5299489764819828,null
7706378,9620022,2047245,5564748,94385,1391729,655516,4198550,0,74912,19473,1056721,335008,990053,1031661,1403664,0,40161,34751,7694,11779,233822,9386200,66192,162846,4784,26769,39423,9291,17478,28830,10593,161142,1704,72769,88373,1704,0,1,4783,1,0,4783,0,4705230,4680970,1697403,3007827,2135585,2545385,n390,true,0.44059955231457415,0.671377803731401,13,28400,false,0,0,0.6273604041205494,0.6649164965187703,null
7706378,9620022,2047245,5564748,94385,1391729,655516,4198550,0,74912,19473,1056721,335008,990053,1031661,1403664,0,40161,34751,7694,11779,233822,9386200,66192,162846,4784,26769,39423,9291,17478,28830,10593,161142,1704,72769,88373,1704,0,1,4783,1,0,4783,0,4705230,4680970,1697403,3007827,2135585,2545385,n395,false,0.7836222598794388,0.5218706832248254,0,2656,false,500,6,0.3418245795173784,0.5415687118872972,null
7706378,9620022,2047245,5564748,94385,1391729,655516,4198550,0,74912,19473,1056721,335008,990053,1031661,1403664,0,40161,34751,7694,11779,233822,9386200,66192,162846,4784,26769,39423,9291,17478,28830,10593,161142,1704,72769,88373,1704,0,1,4783,1,0,4783,0,4705230,4680970,1697403,3007827,2135585,2545385,n398,false,0.007470441301398392,0.6637146883829768,0,1636,false,502,4,0.6742916019168679,0.5627494537735184,null
7706378,9620022,2047245,5564748,94385,1391729,655516,4198550,0,74912,19473,1056721,335008,990053,1031661,1403664,0,40161,34751,7694,11779,233822,9386200,66192,162846,4784,26769,39423,9291,17478,28830,10593,161142,1704,72769,88373,1704,0,1,4783,1,0,4783,0,4705230,4680970,1697403,3007827,2135585,2545385,n399,false,0.06453041694387567,0.46650327628919486,0,5449,false,504,10,0.3732258806630647,0.9666404649004724,null
7706378,9620022,2047245,5564748,94385,1391729,655516,4198550,0,74912,19473,1056721,335008,990053,1031661,1403664,0,40161,34751,7694,11779,233822,9386200,66192,162846,4784,26769,39423,9291,17478,28830,10593,161142,1704,72769,88373,1704,0,1,4783,1,0,4783,0,4705230,4680970,1697403,3007827,2135585,2545385,n403,true,0.07956619565739163,0.8234796073242043,12,15413,false,0,1,0.6295804581442878,0.8582870284428741,null
7706378,9620022,2047245,5564748,94385,1391729,655516,4198550,0,74912,19473,1056721,335008,990053,1031661,1403664,0,40161,34751,7694,11779,233822,9386200,66192,162846,4784,26769,39423,9291,17478,28830,10593,161142,1704,72769,88373,1704,0,1,4783,1,0,4783,0,4705230,4680970,1697403,3007827,2135585,2545385,n406,false,0.21448753154777547,0.6401158774794073,0,20010,false,500,2,0.4415077672480725,0.7685105032989805,null
7706378,9620022,2047245,5564748,94385,1391729,655516,4198550,0,74912,19473,1056721,335008,990053,1031661,1403664,0,40161,34751,7694,11779,233822,9386200,66192,162846,4784,26769,39423,9291,17478,28830,10593,161142,1704,72769,88373,1704,0,1,4783,1,0,4783,0,4705230,4680970,1697403,3007827,2135585,2545385,n414,false,0.27802561465311026,0.706651275171924,0,5030,false,504,10,0.8945329529408046,0.7624545159794143,null
7706378,9620022,2047245,5564748,94385,1391729,655516,4198550,0,74912,19473,1056721,335008,990053,1031661,1403664,0,40161,34751,7694,11779,233822,9386200,66192,162846,4784,26769,39423,9291,17478,28830,10593,161142,1704,72769,88373,1704,0,1,4783,1,0,4783,0,4705230,4680970,1697403,3007827,2135585,2545385,n415,false,0.7755152497472849,0.6538915357345602,0,1140,false,505,12,0.6921674531059644,0.9132789451279076,null
7706378,9620022,2047245,5564748,94385,1391729,655516,4198550,0,74912,19473,1056721,335008,990053,1031661,1403664,0,40161,34751,7694,11779,233822,9386200,66192,162846,4784,26769,39423,9291,17478,28830,10593,161142,1704,72769,88373,1704,0,1,4783,1,0,4783,0,4705230,4680970,1697403,3007827,2135585,2545385,n417,false,0.3396136497989505,0.5639324765740248,0,15525,false,501,3,0.6186619279972331,0.2459808741378527,null
7706378,9620022,2047245,5564748,94385,1391729,655516,4198550,0,74912,19473,1056721,335008,990053,1031661,1403664,0,40161,34751,7694,11779,233822,9386200,66192,162846,4784,26769,39423,9291,17478,28830,10593,161142,1704,72769,88373,1704,0,1,4783,1,0,4783,0,4705230,4680970,1697403,3007827,2135585,2545385,n419,false,0.341832115743921,0.7084358076325086,0,11092,false,502,6,0.2751682603121339,0.9548368462643653,null
7706378,9620022,2047245,5564748,94385,1391729,655516,4198550,0,74912,19473,1056721,335008,990053,1031661,1403664,0,40161,34751,7694,11779,233822,9386200,66192,162846,4784,26769,39423,9291,17478,28830,10593,161142,1704,72769,88373,1704,0,1,4783,1,0,4783,0,4705230,4680970,1697403,3007827,2135585,2545385,n422,false,0.10106871711359333,0.5864579925517522,0,8982,false,504,8,0.8219266783910335,0.40422967103830754,null
7706378,9620022,2047245,5564748,94385,1391729,655516,4198550,0,74912,19473,1056721,335008,990053,1031661,1403664,0,40161,34751,7694,11779,233822,9386200,66192,162846,4784,26769,39423,9291,17478,28830,10593,161142,1704,72769,88373,1704,0,1,4783,1,0,4783,0,4705230,4680970,1697403,3007827,2135585,2545385,n424,true,0.8497041859003297,0.9814777463888431,16,26327,false,0,1,0.5017057861531299,0.6026100497194137,null
7706378,9620022,2047245,5564748,94385,1391729,655516,4198550,0,74912,19473,1056721,335008,990053,1031661,1403664,0,40161,34751,7694,11779,233822,9386200,66192,162846,4784,26769,39423,9291,17478,28830,10593,161142,1704,72769,88373,1704,0,1,4783,1,0,4783,0,4705230,4680970,1697403,3007827,2135585,2545385,n425,false,0.7619679686492298,0.5114945832241089,0,109,false,501,3,0.7408332559575208,0.43252071092805666,null
7706378,9620022,2047245,5564748,94385,1391729,655516,4198550,0,74912,19473,1056721,335008,990053,1031661,1403664,0,40161,34751,7694,11779,233822,9386200,66192,162846,4784,26769,39423,9291,17478,28830,10593,161142,1704,72769,88373,1704,0,1,4783,1,0,4783,0,4705230,4680970,1697403,3007827,2135585,2545385,n429,true,0.020246944542057752,0.4536248465245639,12,2235,false,504,12,0.19767999684901472,0.34085162042354206,null
7706378,9620022,2047245,5564748,94385,1391729,655516,4198550,0,74912,19473,1056721,335008,990053,1031661,1403664,0,40161,34751,7694,11779,233822,9386200,66192,162846,4784,26769,39423,9291,17478,28830,10593,161142,1704,72769,88373,1704,0,1,4783,1,0,4783,0,4705230,4680970,1697403,3007827,2135585,2545385,n432,true,0.22802927737356674,0.8759579473252637,11,1634,false,502,6,0.11968968182860434,0.37723872181405765,null
7706378,9620022,2047245,5564748,94385,1391729,655516,4198550,0,74912,19473,1056721,335008,990053,1031661,1403664,0,40161,34751,7694,11779,233822,9386200,66192,162846,4784,26769,39423,9291,17478,28830,10593,161142,1704,72769,88373,1704,0,1,4783,1,0,4783,0,4705230,4680970,1697403,3007827,2135585,2545385,n433,false,0.9999980944226214,0.6952432207875855,0,7089,false,504,10,0.5358164111396453,0.8307030426977562,null
7706378,9620022,2047245,5564748,94385,1391729,655516,4198550,0,74912,19473,1056721,335008,990053,1031661,1403664,0,40161,34751,7694,11779,233822,9386200,66192,162846,4784,26769,39423,9291,17478,28830,10593,161142,1704,72769,88373,1704,0,1,4783,1,0,4783,0,4705230,4680970,1697403,3007827,2135585,2545385,n434,true,0.6571936797288453,0.7288342441868327,10,11495,false,0,1,0.35375159735361994,0.8967582543775952,null
7706378,9620022,2047245,5564748,94385,1391729,655516,4198550,0,74912,19473,1056721,335008,990053,1031661,1403664,0,40161,34751,7694,11779,233822,9386200,66192,162846,4784,26769,39423,9291,17478,28830,10593,161142,1704,72769,88373,1704,0,1,4783,1,0,4783,0,4705230,4680970,1697403,3007827,2135585,2545385,n437,false,0.12303309891813483,0.910993071766485,0,6453,false,500,2,0.2502067190159453,0.9262868619785822,null
7706378,9620022,2047245,5564748,94385,1391729,655516,4198550,0,74912,19473,1056721,335008,990053,1031661,1403664,0,40161,34751,7694,11779,233822,9386200,66192,162846,4784,26769,39423,9291,17478,28830,10593,161142,1704,72769,88373,1704,0,1,4783,1,0,4783,0,4705230,4680970,1697403,3007827,2135585,2545385,n439,false,0.12531316853573116,0.4402111894418519,0,12674,false,501,3,0.8773506243957976,0.8000991151358952,null
7706378,9620022,2047245,5564748,94385,1391729,655516,4198550,0,74912,19473,1056721,335008,990053,1031661,1403664,0,40161,34751,7694,11779,233822,9386200,66192,162846,4784,26769,39423,9291,17478,28830,10593,161142,1704,72769,88373,1704,0,1,4783,1,0,4783,0,4705230,4680970,1697403,3007827,2135585,2545385,n444,true,0.3269731794003719,0.7492556174045889,10,2766,false,502,6,0.41966039163716246,0.8395254988764946,null
7706378,9620022,2047245,5564748,94385,1391729,655516,4198550,0,74912,19473,1056721,335008,990053,1031661,1403664,0,40161,34751,7694,11779,233822,9386200,66192,162846,4784,26769,39423,9291,17478,28830,10593,161142,1704,72769,88373,1704,0,1,4783,1,0,4783,0,4705230,4680970,1697403,3007827,2135585,2545385,n448,true,0.84252888114895,0.8964322267424065,13,28400,false,0,0,0.7942598103901766,0.7367830698762994,null
7706378,9620022,2047245,5564748,94385,1391729,655516,4198550,0,74912,19473,1056721,335008,990053,1031661,1403664,0,40161,34751,7694,11779,233822,9386200,66192,162846,4784,26769,39423,9291,17478,28830,10593,161142,1704,72769,88373,1704,0,1,4783,1,0,4783,0,4705230,4680970,1697403,3007827,2135585,2545385,n449,true,0.5804007781764822,0.6173509581597424,6,13950,false,500,3,0.618149678362371,0.5439006749772742,null
7706378,9620022,2047245,5564748,94385,1391729,655516,4198550,0,74912,19473,1056721,335008,990053,1031661,1403664,0,40161,34751,7694,11779,233822,9386200,66192,162846,4784,26769,39423,9291,17478,28830,10593,161142,1704,72769,88373,1704,0,1,4783,1,0,4783,0,4705230,4680970,1697403,3007827,2135585,2545385,n450,true,0.7681974663607678,0.8931142570999754,12,28400,false,0,0,0.0921529083803036,0.9915807051696696,null
7706378,9620022,2047245,5564748,94385,1391729,655516,4198550,0,74912,19473,1056721,335008,990053,1031661,1403664,0,40161,34751,7694,11779,233822,9386200,66192,162846,4784,26769,39423,9291,17478,28830,10593,161142,1704,72769,88373,1704,0,1,4783,1,0,4783,0,4705230,4680970,1697403,3007827,2135585,2545385,n452,false,0.67236765161763,0.8801651797218486,0,14039,false,502,4,0.9936093892141393,0.3681177685012683,null
7706378,9620022,2047245,5564748,94385,1391729,655516,4198550,0,74912,19473,1056721,335008,990053,1031661,1403664,0,40161,34751,7694,11779,233822,9386200,66192,162846,4784,26769,39423,9291,17478,28830,10593,161142,1704,72769,88373,1704,0,1,4783,1,0,4783,0,4705230,4680970,1697403,3007827,2135585,2545385,n456,true,0.3763180188895373,0.6230088586189735,11,22255,false,502,6,0.339675029145616,0.9308195084121298,null
7706378,9620022,2047245,5564748,94385,1391729,655516,4198550,0,74912,19473,1056721,335008,990053,1031661,1403664,0,40161,34751,7694,11779,233822,9386200,66192,162846,4784,26769,39423,9291,17478,28830,10593,161142,1704,72769,88373,1704,0,1,4783,1,0,4783,0,4705230,4680970,1697403,3007827,2135585,2545385,n458,false,0.3735635580626615,0.7524326126359113,0,4165,false,503,7,0.6154885954809874,0.2595857055848828,null
7706378,9620022,2047245,5564748,94385,1391729,655516,4198550,0,74912,19473,1056721,335008,990053,1031661,1403664,0,40161,34751,7694,11779,233822,9386200,66192,162846,4784,26769,39423,9291,17478,28830,10593,161142,1704,72769,88373,1704,0,1,4783,1,0,4783,0,4705230,4680970,1697403,3007827,2135585,2545385,n463,true,0.7798422261260762,0.5677123598801092,13,28400,false,0,0,0.06607310172440906,0.9857478989749087,null
7706378,9620022,2047245,5564748,94385,1391729,655516,4198550,0,74912,19473,1056721,335008,990053,1031661,1403664,0,40161,34751,7694,11779,233822,9386200,66192,162846,4784,26769,39423,9291,17478,28830,10593,161142,1704,72769,88373,1704,0,1,4783,1,0,4783,0,4705230,4680970,1697403,3007827,2135585,2545385,n464,false,0.17699925313915085,0.8930180701742341,0,4365,false,500,1,0.49640632417668007,0.3178929168044398,null
7706378,9620022,2047245,5564748,94385,1391729,655516,4198550,0,74912,19473,1056721,335008,990053,1031661,1403664,0,40161,34751,7694,11779,233822,9386200,66192,162846,4784,26769,39423,9291,17478,28830,10593,161142,1704,72769,88373,1704,0,1,4783,1,0,4783,0,4705230,4680970,1697403,3007827,2135585,2545385,n465,false,0.5011526932492385,0.7315088761915275,0,11995,false,502,5,0.05998742563785553,0.8686301483935389,null
7706378,9620022,2047245,5564748,94385,1391729,655516,4198550,0,74912,19473,1056721,335008,990053,1031661,1403664,0,40161,34751,7694,11779,233822,9386200,66192,162846,4784,26769,39423,9291,17478,28830,10593,161142,1704,72769,88373,1704,0,1,4783,1,0,4783,0,4705230,4680970,1697403,3007827,2135585,2545385,n467,true,0.5550794508044414,0.8883539539247611,11,25549,false,0,1,0.8333323555937282,0.9966939431038286,null
7706378,9620022,2047245,5564748,94385,1391729,655516,4198550,0,74912,19473,1056721,335008,990053,1031661,1403664,0,40161,34751,7694,11779,233822,9386200,66192,162846,4784,26769,39423,9291,17478,28830,10593,161142,1704,72769,88373,1704,0,1,4783,1,0,4783,0,4705230,4680970,1697403,3007827,2135585,2545385,n468,true,0.5786637840973674,0.7815522955909899,7,28149,false,240,2,0.808287638872361,0.749770985517261,null
7706378,9620022,2047245,5564748,94385,1391729,655516,4198550,0,74912,19473,1056721,335008,990053,1031661,1403664,0,40161,34751,7694,11779,233822,9386200,66192,162846,4784,26769,39423,9291,17478,28830,10593,161142,1704,72769,88373,1704,0,1,4783,1,0,4783,0,4705230,4680970,1697403,3007827,2135585,2545385,n471,false,0.30657794858931997,0.4269892432737406,0,26245,false,501,3,0.25772809373656236,0.1331088407357695,null
7706378,9620022,2047245,5564748,94385,1391729,655516,4198550,0,74912,19473,1056721,335008,990053,1031661,1403664,0,40161,34751,7694,11779,233822,9386200,66192,162846,4784,26769,39423,9291,17478,28830,10593,161142,1704,72769,88373,1704,0,1,4783,1,0,4783,0,4705230,4680970,1697403,3007827,2135585,2545385,n473,true,0.14566711133885815,0.7501490461099705,4,8519,false,304,3,0.5302946197917737,0.9143787358439972,null
7706378,9620022,2047245,5564748,94385,1391729,655516,4198550,0,74912,19473,1056721,335008,990053,1031661,1403664,0,40161,34751,7694,11779,233822,9386200,66192,162846,4784,26769,39423,9291,17478,28830,10593,161142,1704,72769,88373,1704,0,1,4783,1,0,4783,0,4705230,4680970,1697403,3007827,2135585,2545385,n477,true,0.25642721632266824,0.7959051320116368,8,849,false,501,3,0.4829994322690214,0.15568316573321195,null
7706378,9620022,2047245,5564748,94385,1391729,655516,4198550,0,74912,19473,1056721,335008,990053,1031661,1403664,0,40161,34751,7694,11779,233822,9386200,66192,162846,4784,26769,39423,9291,17478,28830,10593,161142,1704,72769,88373,1704,0,1,4783,1,0,4783,0,4705230,4680970,1697403,3007827,2135585,2545385,n490,false,0.6586334212102346,0.7476106352613925,0,13752,false,501,3,0.5607437236239672,0.4847170765338509,null
7706378,9620022,2047245,5564748,94385,1391729,655516,4198550,0,74912,19473,1056721,335008,990053,1031661,1403664,0,40161,34751,7694,11779,233822,9386200,66192,162846,4784,26769,39423,9291,17478,28830,10593,161142,1704,72769,88373,1704,0,1,4783,1,0,4783,0,4705230,4680970,1697403,3007827,2135585,2545385,n491,true,0.8890922858413948,0.8136497550997464,5,192,false,503,8,0.41766706149876753,0.7645470612913537,null
7706378,9620022,2047245,5564748,94385,1391729,655516,4198550,0,74912,19473,1056721,335008,990053,1031661,1403664,0,40161,34751,7694,11779,233822,9386200,66192,162846,4784,26769,39423,9291,17478,28830,10593,161142,1704,72769,88373,1704,0,1,4783,1,0,4783,0,4705230,4680970,1697403,3007827,2135585,2545385,n493,true,0.5325678621754667,0.836426791618393,12,28400,false,0,0,0.61700351793559,0.8272753949417326,null
7706378,9620022,2047245,5564748,94385,1391729,655516,4198550,0,74912,19473,1056721,335008,990053,1031661,1403664,0,40161,34751,7694,11779,233822,9386200,66192,162846,4784,26769,39423,9291,17478,28830,10593,161142,1704,72769,88373,1704,0,1,4783,1,0,4783,0,4705230,4680970,1697403,3007827,2135585,2545385,n497,false,0.48182710753462665,0.7031488323670138,0,2760,false,500,1,0.7930930473317748,0.5481658106919823,null
7706378,9620022,2047245,5564748,94385,1391729,655516,4198550,0,74912,19473,1056721,335008,990053,1031661,1403664,0,40161,34751,7694,11779,233822,9386200,66192,162846,4784,26769,39423,9291,17478,28830,10593,161142,1704,72769,88373,1704,0,1,4783,1,0,4783,0,4705230,4680970,1697403,3007827,2135585,2545385,n499,false,0.17873170087968793,0.28357463827887497,0,3143,false,503,6,0.8762469228532755,0.8585290141613157,null
